1744929445771 0.00019343 0
1744929452322 0.000389634053 1
1744929458658 0.0005818761259999999 2
1744929465142 0.0006471900999999999 3
1744929471487 0.0006405867999999999 4
1744929477854 0.0006339834999999999 5
1744929485784 0.0006273801999999999 6
1744929495319 0.0006207769 7
1744929501529 0.0006141736 8
1744929507904 0.0006075703 9
1744929514266 0.000600967 10
1744929520649 0.0005943637 11
1744929526836 0.0005877603999999999 12
1744929533081 0.0005811570999999999 13
1744929539327 0.0005745538 14
1744929545810 0.0005679505 15
1744929552064 0.0005613472 16
1744929558423 0.0005547439 17
1744929564804 0.0005481406 18
1744929571097 0.0005415373 19
1744929577193 0.000534934 20
1744929583338 0.0005283306999999999 21
1744929589483 0.0005217274 22
1744929595751 0.0005151241 23
1744929602243 0.0005085208 24
1744929608451 0.0005019174999999999 25
1744929614651 0.0004953142 26
1744929621074 0.0004887108999999999 27
1744929627275 0.00048210759999999994 28
1744929633640 0.00047550429999999996 29
1744929639874 0.0004689009999999999 30
1744929646398 0.00046229769999999994 31
1744929652839 0.0004556943999999999 32
1744929659102 0.0004490910999999999 33
1744929665511 0.0004424877999999999 34
1744929671850 0.00043588449999999994 35
1744929678082 0.0004292812 36
1744929684479 0.0004226779 37
1744929690648 0.0004160746 38
1744929696908 0.00040947129999999995 39
1744929703033 0.00040286799999999997 40
1744929709572 0.00039626470000000003 41
1744929715701 0.0003896614 42
1744929721966 0.0003830581 43
1744929728032 0.00037645479999999997 44
1744929734233 0.0003698515 45
1744929740363 0.0003632482 46
1744929746625 0.0003566449 47
1744929752774 0.0003500416 48
1744929759208 0.0003434383 49
1744929765417 0.00033683499999999996 50
1744929771840 0.00033023169999999997 51
1744929778264 0.00032362839999999993 52
1744929784468 0.0003170251 53
1744929790613 0.00031042179999999996 54
1744929796724 0.0003038184999999999 55
1744929802754 0.00029721519999999994 56
1744929809507 0.0002906119 57
1744929815891 0.0002840086 58
1744929822075 0.0002774053 59
1744929828354 0.000270802 60
1744929834575 0.00026419869999999996 61
1744929840826 0.0002575954 62
1744929847128 0.0002509921 63
1744929853335 0.0002443888 64
1744929859916 0.00023778549999999997 65
1744929866174 0.00023118219999999996 66
1744929872397 0.00022457889999999994 67
1744929878550 0.00021797559999999996 68
1744929884720 0.00021137230000000003 69
1744929890940 0.00020476900000000002 70
1744929897279 0.0001981657 71
1744929903365 0.0001915624 72
1744929909562 0.0001849591 73
1744929915799 0.0001783558 74
1744929922258 0.00017175249999999999 75
1744929928372 0.00016514919999999997 76
1744929934593 0.0001585459 77
1744929940930 0.00015194259999999998 78
1744929947012 0.00014533929999999997 79
1744929953124 0.00013873599999999995 80
1744929959328 0.00013213269999999994 81
1744929965378 0.00012552940000000004 82
1744929971532 0.00011892610000000001 83
1744929977982 0.00011232280000000003 84
1744929984340 0.00010571950000000002 85
1744929990562 9.91162e-05 86
1744929996744 9.25129e-05 87
1744930003003 8.59096e-05 88
1744930009167 7.930629999999998e-05 89
1744930017309 7.270299999999997e-05 90
1744930023496 6.609969999999997e-05 91
1744930029488 5.949639999999997e-05 92
1744930036038 5.2893099999999956e-05 93
1744930042059 4.6289800000000026e-05 94
1744930048203 3.968650000000003e-05 95
1744930054371 3.308320000000002e-05 96
1744930060528 2.6479900000000017e-05 97
1744930066508 1.9876600000000012e-05 98
1744930072584 1.3273300000000004e-05 99
