1744928797187 0.04068 0
1744928803780 0.1307 1
1744928810314 0.17765 2
1744928816565 0.30369 3
1744928822770 0.38702 4
1744928829346 0.41043 5
1744928835614 0.47289 6
1744928845072 0.42305 7
1744928852668 0.46211 8
1744928858816 0.50771 9
1744928865095 0.53117 10
1744928871275 0.55191 11
1744928877372 0.50996 12
1744928883637 0.54975 13
1744928890147 0.54997 14
1744928896268 0.56451 15
1744928902541 0.57565 16
1744928908695 0.58379 17
1744928914762 0.57238 18
1744928921154 0.55242 19
1744928927486 0.59944 20
1744928933859 0.58396 21
1744928940335 0.58608 22
1744928946636 0.58371 23
1744928952811 0.59936 24
1744928958935 0.57508 25
1744928965209 0.60763 26
1744928971337 0.58954 27
1744928977506 0.60434 28
1744928983594 0.60133 29
1744928990143 0.60998 30
1744928996322 0.61169 31
1744929002538 0.62136 32
1744929008668 0.59488 33
1744929014789 0.61205 34
1744929021025 0.60476 35
1744929027077 0.61721 36
1744929033378 0.61211 37
1744929039621 0.61871 38
1744929046131 0.61678 39
1744929052273 0.61505 40
1744929058553 0.62557 41
1744929064703 0.63013 42
1744929070902 0.60716 43
1744929077209 0.61825 44
1744929083462 0.61666 45
1744929089705 0.6253 46
1744929095899 0.61876 47
1744929102377 0.64216 48
1744929108634 0.6216 49
1744929114642 0.62591 50
1744929120800 0.63521 51
1744929126952 0.63515 52
1744929133240 0.63919 53
1744929139455 0.64135 54
1744929145608 0.64491 55
1744929151999 0.64833 56
1744929158211 0.64681 57
1744929164307 0.64701 58
1744929170679 0.64115 59
1744929176780 0.63758 60
1744929183037 0.63598 61
1744929189313 0.6415 62
1744929195571 0.64977 63
1744929201893 0.64607 64
1744929208149 0.64737 65
1744929214476 0.65502 66
1744929220642 0.64846 67
1744929226857 0.64511 68
1744929233029 0.65695 69
1744929239314 0.64272 70
1744929245325 0.63554 71
1744929251853 0.64684 72
1744929258132 0.65077 73
1744929264281 0.65487 74
1744929270469 0.64561 75
1744929276604 0.64141 76
1744929282794 0.65364 77
1744929288901 0.65067 78
1744929294968 0.65185 79
1744929301424 0.6533 80
1744929307761 0.65027 81
1744929313945 0.65764 82
1744929320096 0.65131 83
1744929326351 0.65014 84
1744929332504 0.64902 85
1744929338662 0.64638 86
1744929344679 0.64895 87
1744929350851 0.65359 88
1744929357231 0.65213 89
1744929365090 0.63018 90
1744929371151 0.63519 91
1744929377184 0.64313 92
1744929383230 0.64223 93
1744929389264 0.64408 94
1744929395270 0.64648 95
1744929401224 0.64246 96
1744929407205 0.63963 97
1744929413505 0.64104 98
1744929419633 0.64463 99
1744929426045 0.6578708276118636 99
