1744928797187 0.02449 0
1744928803780 0.07757 1
1744928810314 0.0973 2
1744928816565 0.16555 3
1744928822770 0.21969 4
1744928829346 0.21835 5
1744928835614 0.25292 6
1744928845072 0.22329 7
1744928852668 0.2498 8
1744928858816 0.27909 9
1744928865095 0.30382 10
1744928871275 0.31322 11
1744928877372 0.28441 12
1744928883637 0.31794 13
1744928890147 0.30729 14
1744928896268 0.31708 15
1744928902541 0.33305 16
1744928908695 0.3261 17
1744928914762 0.32806 18
1744928921154 0.31278 19
1744928927486 0.34208 20
1744928933859 0.33352 21
1744928940335 0.33213 22
1744928946636 0.32872 23
1744928952811 0.35419 24
1744928958935 0.32783 25
1744928965209 0.34764 26
1744928971337 0.34144 27
1744928977506 0.35667 28
1744928983594 0.34768 29
1744928990143 0.34442 30
1744928996322 0.35522 31
1744929002538 0.35871 32
1744929008668 0.34489 33
1744929014789 0.35107 34
1744929021025 0.35338 35
1744929027077 0.3569 36
1744929033378 0.35895 37
1744929039621 0.36786 38
1744929046131 0.36206 39
1744929052273 0.36292 40
1744929058553 0.36654 41
1744929064703 0.37197 42
1744929070902 0.36096 43
1744929077209 0.36845 44
1744929083462 0.36366 45
1744929089705 0.37079 46
1744929095899 0.35788 47
1744929102377 0.37531 48
1744929108634 0.36533 49
1744929114642 0.36861 50
1744929120800 0.37511 51
1744929126952 0.3756 52
1744929133240 0.38395 53
1744929139455 0.38326 54
1744929145608 0.38373 55
1744929151999 0.37985 56
1744929158211 0.38701 57
1744929164307 0.38015 58
1744929170679 0.38362 59
1744929176780 0.37947 60
1744929183037 0.38174 61
1744929189313 0.38847 62
1744929195571 0.38888 63
1744929201893 0.38303 64
1744929208149 0.3851 65
1744929214476 0.3943 66
1744929220642 0.38711 67
1744929226857 0.38697 68
1744929233029 0.39026 69
1744929239314 0.38696 70
1744929245325 0.3796 71
1744929251853 0.3829 72
1744929258132 0.39774 73
1744929264281 0.39107 74
1744929270469 0.39544 75
1744929276604 0.39493 76
1744929282794 0.39498 77
1744929288901 0.39845 78
1744929294968 0.39777 79
1744929301424 0.39951 80
1744929307761 0.39434 81
1744929313945 0.40134 82
1744929320096 0.40044 83
1744929326351 0.39915 84
1744929332504 0.39429 85
1744929338662 0.39136 86
1744929344679 0.39455 87
1744929350851 0.39768 88
1744929357231 0.40183 89
1744929365090 0.38711 90
1744929371151 0.38303 91
1744929377184 0.38541 92
1744929383230 0.38499 93
1744929389264 0.38801 94
1744929395270 0.39006 95
1744929401224 0.38765 96
1744929407205 0.39037 97
1744929413505 0.39202 98
1744929419633 0.39333 99
1744929426045 0.40158605578667306 99
