1744928797187 0.00981 0
1744928803780 0.01134 1
1744928810314 0.73604 2
1744928816565 0.65057 3
1744928822770 0.59632 4
1744928829346 0.60017 5
1744928835614 0.54636 6
1744928845072 0.47202 7
1744928852668 0.64567 8
1744928858816 0.65317 9
1744928865095 0.59068 10
1744928871275 0.68296 11
1744928877372 0.51675 12
1744928883637 0.70967 13
1744928890147 0.66091 14
1744928896268 0.69852 15
1744928902541 0.78043 16
1744928908695 0.74203 17
1744928914762 0.65515 18
1744928921154 0.67005 19
1744928927486 0.74883 20
1744928933859 0.67748 21
1744928940335 0.72522 22
1744928946636 0.6811 23
1744928952811 0.66837 24
1744928958935 0.78508 25
1744928965209 0.76236 26
1744928971337 0.71504 27
1744928977506 0.69364 28
1744928983594 0.69474 29
1744928990143 0.74967 30
1744928996322 0.73684 31
1744929002538 0.69995 32
1744929008668 0.70388 33
1744929014789 0.74667 34
1744929021025 0.72195 35
1744929027077 0.76345 36
1744929033378 0.70635 37
1744929039621 0.72107 38
1744929046131 0.76665 39
1744929052273 0.74401 40
1744929058553 0.75332 41
1744929064703 0.72809 42
1744929070902 0.69209 43
1744929077209 0.69841 44
1744929083462 0.73001 45
1744929089705 0.7775 46
1744929095899 0.82356 47
1744929102377 0.77109 48
1744929108634 0.80306 49
1744929114642 0.75756 50
1744929120800 0.7236 51
1744929126952 0.81344 52
1744929133240 0.78002 53
1744929139455 0.81427 54
1744929145608 0.79379 55
1744929151999 0.79753 56
1744929158211 0.77091 57
1744929164307 0.77552 58
1744929170679 0.79372 59
1744929176780 0.77262 60
1744929183037 0.80021 61
1744929189313 0.76531 62
1744929195571 0.75982 63
1744929201893 0.80129 64
1744929208149 0.82529 65
1744929214476 0.81822 66
1744929220642 0.79945 67
1744929226857 0.78218 68
1744929233029 0.798 69
1744929239314 0.83652 70
1744929245325 0.85146 71
1744929251853 0.82143 72
1744929258132 0.74222 73
1744929264281 0.76125 74
1744929270469 0.80383 75
1744929276604 0.82775 76
1744929282794 0.78318 77
1744929288901 0.7787 78
1744929294968 0.79911 79
1744929301424 0.83399 80
1744929307761 0.83727 81
1744929313945 0.82758 82
1744929320096 0.84243 83
1744929326351 0.83728 84
1744929332504 0.8102 85
1744929338662 0.81772 86
1744929344679 0.80074 87
1744929350851 0.82344 88
1744929357231 0.78917 89
1744929365090 0.79331 90
1744929371151 0.75767 91
1744929377184 0.79734 92
1744929383230 0.78242 93
1744929389264 0.82143 94
1744929395270 0.83708 95
1744929401224 0.83353 96
1744929407205 0.81444 97
1744929413505 0.82882 98
1744929419633 0.82618 99
1744929426045 0.8280936605087849 99
