1744928797187 0.13453 0
1744928803780 0.27052 1
1744928810314 0.14045 2
1744928816565 0.28999 3
1744928822770 0.36574 4
1744928829346 0.39868 5
1744928835614 0.43454 6
1744928845072 0.41844 7
1744928852668 0.37744 8
1744928858816 0.47305 9
1744928865095 0.52097 10
1744928871275 0.49691 11
1744928877372 0.46602 12
1744928883637 0.48034 13
1744928890147 0.53081 14
1744928896268 0.52764 15
1744928902541 0.51017 16
1744928908695 0.51816 17
1744928914762 0.54632 18
1744928921154 0.49995 19
1744928927486 0.54811 20
1744928933859 0.55832 21
1744928940335 0.53241 22
1744928946636 0.55892 23
1744928952811 0.58979 24
1744928958935 0.5148 25
1744928965209 0.5608 26
1744928971337 0.5606 27
1744928977506 0.58616 28
1744928983594 0.57291 29
1744928990143 0.56688 30
1744928996322 0.58385 31
1744929002538 0.60403 32
1744929008668 0.55372 33
1744929014789 0.55682 34
1744929021025 0.56711 35
1744929027077 0.56249 36
1744929033378 0.58044 37
1744929039621 0.57048 38
1744929046131 0.54194 39
1744929052273 0.56367 40
1744929058553 0.57658 41
1744929064703 0.57729 42
1744929070902 0.56763 43
1744929077209 0.59031 44
1744929083462 0.55972 45
1744929089705 0.56672 46
1744929095899 0.54042 47
1744929102377 0.59424 48
1744929108634 0.5725 49
1744929114642 0.5792 50
1744929120800 0.60765 51
1744929126952 0.57194 52
1744929133240 0.57543 53
1744929139455 0.58053 54
1744929145608 0.59611 55
1744929151999 0.58471 56
1744929158211 0.59259 57
1744929164307 0.59686 58
1744929170679 0.58939 59
1744929176780 0.59594 60
1744929183037 0.56502 61
1744929189313 0.58892 62
1744929195571 0.61064 63
1744929201893 0.59734 64
1744929208149 0.60212 65
1744929214476 0.59426 66
1744929220642 0.57693 67
1744929226857 0.59217 68
1744929233029 0.5964 69
1744929239314 0.57654 70
1744929245325 0.56044 71
1744929251853 0.57254 72
1744929258132 0.61184 73
1744929264281 0.60039 74
1744929270469 0.58614 75
1744929276604 0.5775 76
1744929282794 0.60866 77
1744929288901 0.61638 78
1744929294968 0.60556 79
1744929301424 0.60391 80
1744929307761 0.59616 81
1744929313945 0.60218 82
1744929320096 0.59545 83
1744929326351 0.58505 84
1744929332504 0.59755 85
1744929338662 0.59157 86
1744929344679 0.60144 87
1744929350851 0.59282 88
1744929357231 0.60817 89
1744929365090 0.58549 90
1744929371151 0.60662 91
1744929377184 0.58852 92
1744929383230 0.60172 93
1744929389264 0.58857 94
1744929395270 0.58758 95
1744929401224 0.57892 96
1744929407205 0.58703 97
1744929413505 0.58488 98
1744929419633 0.59375 99
1744929426045 0.6038294139249583 99
