1745060295121 0.00019343 0
1745060302019 0.000389634053 1
1745060310832 0.0005818761259999999 2
1745060316913 0.0006471900999999999 3
1745060323089 0.0006405867999999999 4
1745060330240 0.0006339834999999999 5
1745060338068 0.0006273801999999999 6
1745060344142 0.0006207769 7
1745060350187 0.0006141736 8
1745060356313 0.0006075703 9
1745060362348 0.000600967 10
1745060368842 0.0005943637 11
1745060375990 0.0005877603999999999 12
1745060382588 0.0005811570999999999 13
1745060388676 0.0005745538 14
1745060394760 0.0005679505 15
1745060400705 0.0005613472 16
1745060406744 0.0005547439 17
1745060412821 0.0005481406 18
1745060418919 0.0005415373 19
1745060425408 0.000534934 20
1745060431509 0.0005283306999999999 21
1745060437602 0.0005217274 22
1745060443685 0.0005151241 23
1745060449690 0.0005085208 24
1745060457460 0.0005019174999999999 25
1745060463508 0.0004953142 26
1745060469630 0.0004887108999999999 27
1745060475655 0.00048210759999999994 28
1745060482009 0.00047550429999999996 29
1745060488016 0.0004689009999999999 30
1745060494355 0.00046229769999999994 31
1745060500414 0.0004556943999999999 32
1745060506443 0.0004490910999999999 33
1745060512501 0.0004424877999999999 34
1745060518642 0.00043588449999999994 35
1745060524718 0.0004292812 36
1745060532571 0.0004226779 37
1745060538591 0.0004160746 38
1745060545981 0.00040947129999999995 39
1745060551912 0.00040286799999999997 40
1745060558041 0.00039626470000000003 41
1745060564072 0.0003896614 42
1745060570294 0.0003830581 43
1745060576282 0.00037645479999999997 44
1745060583113 0.0003698515 45
1745060589190 0.0003632482 46
1745060595269 0.0003566449 47
1745060601226 0.0003500416 48
1745060607229 0.0003434383 49
1745060613582 0.00033683499999999996 50
1745060620188 0.00033023169999999997 51
1745060626126 0.00032362839999999993 52
1745060632115 0.0003170251 53
1745060638354 0.00031042179999999996 54
1745060644384 0.0003038184999999999 55
1745060650397 0.00029721519999999994 56
1745060656960 0.0002906119 57
1745060662921 0.0002840086 58
1745060668943 0.0002774053 59
1745060674949 0.000270802 60
1745060681012 0.00026419869999999996 61
1745060687390 0.0002575954 62
1745060696378 0.0002509921 63
1745060702353 0.0002443888 64
1745060708367 0.00023778549999999997 65
1745060715762 0.00023118219999999996 66
1745060723114 0.00022457889999999994 67
1745060731832 0.00021797559999999996 68
1745060739887 0.00021137230000000003 69
1745060748048 0.00020476900000000002 70
1745060754095 0.0001981657 71
1745060760328 0.0001915624 72
1745060766430 0.0001849591 73
1745060772491 0.0001783558 74
1745060778528 0.00017175249999999999 75
1745060784488 0.00016514919999999997 76
1745060790443 0.0001585459 77
1745060798708 0.00015194259999999998 78
1745060804739 0.00014533929999999997 79
1745060811911 0.00013873599999999995 80
1745060819700 0.00013213269999999994 81
1745060825676 0.00012552940000000004 82
1745060831782 0.00011892610000000001 83
1745060837804 0.00011232280000000003 84
1745060843816 0.00010571950000000002 85
1745060850538 9.91162e-05 86
1745060856843 9.25129e-05 87
1745060862905 8.59096e-05 88
1745060869275 7.930629999999998e-05 89
1745060877146 7.270299999999997e-05 90
1745060883123 6.609969999999997e-05 91
1745060889045 5.949639999999997e-05 92
1745060895015 5.2893099999999956e-05 93
1745060900955 4.6289800000000026e-05 94
1745060906840 3.968650000000003e-05 95
1745060913067 3.308320000000002e-05 96
1745060918972 2.6479900000000017e-05 97
1745060924905 1.9876600000000012e-05 98
1745060931204 1.3273300000000004e-05 99
