1744928151134 0.0358 0
1744928157835 0.10154 1
1744928164421 0.18137 2
1744928170779 0.24726 3
1744928176983 0.34534 4
1744928183401 0.28941 5
1744928189603 0.41056 6
1744928195924 0.42288 7
1744928202174 0.39022 8
1744928208440 0.45415 9
1744928214557 0.47784 10
1744928220968 0.41655 11
1744928227377 0.48896 12
1744928233789 0.51531 13
1744928240013 0.53244 14
1744928246344 0.53362 15
1744928252558 0.5287 16
1744928258742 0.54674 17
1744928264868 0.56292 18
1744928271032 0.55393 19
1744928277553 0.54998 20
1744928283855 0.56915 21
1744928290095 0.56833 22
1744928296268 0.55956 23
1744928302333 0.55873 24
1744928308653 0.58508 25
1744928314926 0.56178 26
1744928321275 0.55407 27
1744928327335 0.55282 28
1744928333939 0.57012 29
1744928340098 0.5918 30
1744928346379 0.58402 31
1744928352564 0.5979 32
1744928358684 0.59683 33
1744928364849 0.60229 34
1744928371009 0.58968 35
1744928377128 0.60163 36
1744928383381 0.60155 37
1744928389812 0.59887 38
1744928396098 0.58509 39
1744928402297 0.59154 40
1744928408537 0.61189 41
1744928414674 0.61706 42
1744928420860 0.60332 43
1744928427119 0.60593 44
1744928433303 0.60292 45
1744928439532 0.60983 46
1744928446177 0.61097 47
1744928452287 0.61557 48
1744928458432 0.60597 49
1744928464553 0.61952 50
1744928470789 0.60191 51
1744928476976 0.61493 52
1744928483197 0.6165 53
1744928489560 0.62731 54
1744928496197 0.60248 55
1744928502289 0.61403 56
1744928508492 0.61524 57
1744928514688 0.61447 58
1744928520806 0.61736 59
1744928526910 0.61386 60
1744928533050 0.61512 61
1744928539248 0.61995 62
1744928545758 0.60905 63
1744928551891 0.60997 64
1744928558111 0.61574 65
1744928564259 0.61735 66
1744928570477 0.63113 67
1744928576598 0.62345 68
1744928582674 0.61888 69
1744928588875 0.60831 70
1744928595322 0.61785 71
1744928601416 0.62649 72
1744928607619 0.63055 73
1744928613768 0.62777 74
1744928619836 0.61565 75
1744928626006 0.61151 76
1744928632144 0.61951 77
1744928638518 0.62597 78
1744928644681 0.62705 79
1744928650958 0.63727 80
1744928657133 0.63521 81
1744928663379 0.63469 82
1744928669542 0.63227 83
1744928675601 0.63298 84
1744928681715 0.63278 85
1744928687788 0.63315 86
1744928694266 0.639 87
1744928700413 0.64034 88
1744928706677 0.63551 89
1744928714675 0.62524 90
1744928720903 0.62868 91
1744928726859 0.62031 92
1744928732902 0.62058 93
1744928739310 0.62521 94
1744928745373 0.62615 95
1744928751386 0.6263 96
1744928757494 0.62729 97
1744928763717 0.62993 98
1744928769867 0.62602 99
1744928776491 0.6322768930207725 99
