1744928151134 0.02343 0
1744928157835 0.05611 1
1744928164421 0.09529 2
1744928170779 0.1215 3
1744928176983 0.18118 4
1744928183401 0.14745 5
1744928189603 0.21444 6
1744928195924 0.21371 7
1744928202174 0.19077 8
1744928208440 0.23542 9
1744928214557 0.26112 10
1744928220968 0.222 11
1744928227377 0.25869 12
1744928233789 0.27639 13
1744928240013 0.29504 14
1744928246344 0.30095 15
1744928252558 0.28483 16
1744928258742 0.30278 17
1744928264868 0.3231 18
1744928271032 0.31828 19
1744928277553 0.30921 20
1744928283855 0.31473 21
1744928290095 0.30278 22
1744928296268 0.31095 23
1744928302333 0.31071 24
1744928308653 0.33739 25
1744928314926 0.31842 26
1744928321275 0.31708 27
1744928327335 0.30989 28
1744928333939 0.32726 29
1744928340098 0.34047 30
1744928346379 0.32762 31
1744928352564 0.34077 32
1744928358684 0.35318 33
1744928364849 0.35283 34
1744928371009 0.34088 35
1744928377128 0.3523 36
1744928383381 0.34569 37
1744928389812 0.35565 38
1744928396098 0.34171 39
1744928402297 0.33934 40
1744928408537 0.36399 41
1744928414674 0.36205 42
1744928420860 0.35054 43
1744928427119 0.34871 44
1744928433303 0.35667 45
1744928439532 0.3576 46
1744928446177 0.35507 47
1744928452287 0.36395 48
1744928458432 0.35843 49
1744928464553 0.35973 50
1744928470789 0.36583 51
1744928476976 0.37048 52
1744928483197 0.37134 53
1744928489560 0.36933 54
1744928496197 0.36097 55
1744928502289 0.36111 56
1744928508492 0.36405 57
1744928514688 0.35782 58
1744928520806 0.36524 59
1744928526910 0.36103 60
1744928533050 0.36216 61
1744928539248 0.36452 62
1744928545758 0.36648 63
1744928551891 0.36335 64
1744928558111 0.3631 65
1744928564259 0.36595 66
1744928570477 0.36733 67
1744928576598 0.36743 68
1744928582674 0.36479 69
1744928588875 0.36144 70
1744928595322 0.36611 71
1744928601416 0.37735 72
1744928607619 0.37955 73
1744928613768 0.38081 74
1744928619836 0.36918 75
1744928626006 0.37219 76
1744928632144 0.3743 77
1744928638518 0.37064 78
1744928644681 0.37645 79
1744928650958 0.38122 80
1744928657133 0.37709 81
1744928663379 0.38152 82
1744928669542 0.37997 83
1744928675601 0.38239 84
1744928681715 0.37824 85
1744928687788 0.38036 86
1744928694266 0.37929 87
1744928700413 0.38 88
1744928706677 0.3818 89
1744928714675 0.36923 90
1744928720903 0.3666 91
1744928726859 0.36795 92
1744928732902 0.37077 93
1744928739310 0.37434 94
1744928745373 0.37912 95
1744928751386 0.37849 96
1744928757494 0.37585 97
1744928763717 0.37757 98
1744928769867 0.37719 99
1744928776491 0.3822786248771591 99
