1744928151134 0.01349 0
1744928157835 0.01545 1
1744928164421 0.76277 2
1744928170779 0.67062 3
1744928176983 0.5777 4
1744928183401 0.57174 5
1744928189603 0.48576 6
1744928195924 0.52005 7
1744928202174 0.42924 8
1744928208440 0.56574 9
1744928214557 0.57784 10
1744928220968 0.57565 11
1744928227377 0.71841 12
1744928233789 0.68657 13
1744928240013 0.6736 14
1744928246344 0.66666 15
1744928252558 0.65957 16
1744928258742 0.63593 17
1744928264868 0.68073 18
1744928271032 0.68168 19
1744928277553 0.7557 20
1744928283855 0.64183 21
1744928290095 0.6777 22
1744928296268 0.66109 23
1744928302333 0.63661 24
1744928308653 0.67893 25
1744928314926 0.70372 26
1744928321275 0.72142 27
1744928327335 0.68675 28
1744928333939 0.66014 29
1744928340098 0.77228 30
1744928346379 0.78273 31
1744928352564 0.73071 32
1744928358684 0.70491 33
1744928364849 0.75217 34
1744928371009 0.75182 35
1744928377128 0.74851 36
1744928383381 0.77762 37
1744928389812 0.80312 38
1744928396098 0.74365 39
1744928402297 0.74004 40
1744928408537 0.75883 41
1744928414674 0.73801 42
1744928420860 0.72331 43
1744928427119 0.75963 44
1744928433303 0.7542 45
1744928439532 0.77246 46
1744928446177 0.83813 47
1744928452287 0.77181 48
1744928458432 0.75075 49
1744928464553 0.80832 50
1744928470789 0.80635 51
1744928476976 0.76811 52
1744928483197 0.78678 53
1744928489560 0.75621 54
1744928496197 0.7607 55
1744928502289 0.73317 56
1744928508492 0.78031 57
1744928514688 0.78785 58
1744928520806 0.78863 59
1744928526910 0.7409 60
1744928533050 0.7615 61
1744928539248 0.74434 62
1744928545758 0.70137 63
1744928551891 0.73461 64
1744928558111 0.7258 65
1744928564259 0.74893 66
1744928570477 0.79896 67
1744928576598 0.78213 68
1744928582674 0.78184 69
1744928588875 0.76355 70
1744928595322 0.78371 71
1744928601416 0.77884 72
1744928607619 0.82094 73
1744928613768 0.82087 74
1744928619836 0.82537 75
1744928626006 0.80761 76
1744928632144 0.81044 77
1744928638518 0.82583 78
1744928644681 0.81559 79
1744928650958 0.76685 80
1744928657133 0.77731 81
1744928663379 0.80663 82
1744928669542 0.80932 83
1744928675601 0.79436 84
1744928681715 0.79003 85
1744928687788 0.73164 86
1744928694266 0.78245 87
1744928700413 0.78866 88
1744928706677 0.76572 89
1744928714675 0.73155 90
1744928720903 0.79817 91
1744928726859 0.78409 92
1744928732902 0.75808 93
1744928739310 0.75832 94
1744928745373 0.81001 95
1744928751386 0.80223 96
1744928757494 0.75157 97
1744928763717 0.74248 98
1744928769867 0.74193 99
1744928776491 0.794002037184203 99
