1744928151134 0.11776 0
1744928157835 0.24286 1
1744928164421 0.12606 2
1744928170779 0.16516 3
1744928176983 0.31668 4
1744928183401 0.27901 5
1744928189603 0.37272 6
1744928195924 0.38337 7
1744928202174 0.39177 8
1744928208440 0.44812 9
1744928214557 0.44893 10
1744928220968 0.37475 11
1744928227377 0.43932 12
1744928233789 0.44524 13
1744928240013 0.4866 14
1744928246344 0.48705 15
1744928252558 0.46593 16
1744928258742 0.53328 17
1744928264868 0.52438 18
1744928271032 0.51574 19
1744928277553 0.47782 20
1744928283855 0.5479 21
1744928290095 0.53936 22
1744928296268 0.51147 23
1744928302333 0.51376 24
1744928308653 0.5399 25
1744928314926 0.51398 26
1744928321275 0.49508 27
1744928327335 0.48981 28
1744928333939 0.52888 29
1744928340098 0.51499 30
1744928346379 0.53228 31
1744928352564 0.56459 32
1744928358684 0.5613 33
1744928364849 0.54756 34
1744928371009 0.54341 35
1744928377128 0.55879 36
1744928383381 0.55 37
1744928389812 0.5265 38
1744928396098 0.52855 39
1744928402297 0.53519 40
1744928408537 0.5625 41
1744928414674 0.56846 42
1744928420860 0.55013 43
1744928427119 0.55661 44
1744928433303 0.56632 45
1744928439532 0.55765 46
1744928446177 0.54291 47
1744928452287 0.57903 48
1744928458432 0.55286 49
1744928464553 0.5436 50
1744928470789 0.54227 51
1744928476976 0.58396 52
1744928483197 0.57838 53
1744928489560 0.5807 54
1744928496197 0.55559 55
1744928502289 0.58096 56
1744928508492 0.56259 57
1744928514688 0.54868 58
1744928520806 0.57745 59
1744928526910 0.58162 60
1744928533050 0.55013 61
1744928539248 0.58503 62
1744928545758 0.58397 63
1744928551891 0.57516 64
1744928558111 0.5879 65
1744928564259 0.5813 66
1744928570477 0.57121 67
1744928576598 0.57374 68
1744928582674 0.57131 69
1744928588875 0.55986 70
1744928595322 0.56389 71
1744928601416 0.579 72
1744928607619 0.56963 73
1744928613768 0.56502 74
1744928619836 0.55255 75
1744928626006 0.56194 76
1744928632144 0.56305 77
1744928638518 0.56253 78
1744928644681 0.55928 79
1744928650958 0.59186 80
1744928657133 0.59371 81
1744928663379 0.57424 82
1744928669542 0.58402 83
1744928675601 0.57918 84
1744928681715 0.57061 85
1744928687788 0.60501 86
1744928694266 0.59795 87
1744928700413 0.59632 88
1744928706677 0.59705 89
1744928714675 0.60558 90
1744928720903 0.5816 91
1744928726859 0.59018 92
1744928732902 0.59308 93
1744928739310 0.59854 94
1744928745373 0.57667 95
1744928751386 0.58379 96
1744928757494 0.60482 97
1744928763717 0.60743 98
1744928769867 0.60588 99
1744928776491 0.5787943273729513 99
