1745058343193 0.03852 0
1745058349688 0.107 1
1745058356058 0.15179 2
1745058364258 0.34386 3
1745058370678 0.38815 4
1745058378339 0.41337 5
1745058386544 0.4733 6
1745058392809 0.48467 7
1745058399112 0.49078 8
1745058405951 0.50691 9
1745058412580 0.50387 10
1745058418955 0.49026 11
1745058425160 0.51846 12
1745058431701 0.51747 13
1745058437769 0.52609 14
1745058444058 0.53282 15
1745058450301 0.53682 16
1745058456538 0.53306 17
1745058462743 0.56361 18
1745058468879 0.55803 19
1745058475150 0.54891 20
1745058481645 0.56108 21
1745058487836 0.55386 22
1745058493967 0.56181 23
1745058500216 0.56661 24
1745058506531 0.57979 25
1745058512755 0.58427 26
1745058519119 0.57933 27
1745058525224 0.58377 28
1745058531345 0.58508 29
1745058537796 0.57062 30
1745058544002 0.59144 31
1745058550168 0.59788 32
1745058556486 0.58623 33
1745058562826 0.58533 34
1745058569011 0.58672 35
1745058575571 0.58988 36
1745058581841 0.59323 37
1745058589390 0.59482 38
1745058598602 0.59573 39
1745058605659 0.60537 40
1745058612690 0.59923 41
1745058620746 0.61578 42
1745058627015 0.61022 43
1745058633103 0.61816 44
1745058639327 0.61263 45
1745058645805 0.60536 46
1745058651958 0.61202 47
1745058658257 0.6176 48
1745058664375 0.61641 49
1745058670603 0.62567 50
1745058676859 0.62998 51
1745058683031 0.61411 52
1745058689279 0.61247 53
1745058695484 0.61259 54
1745058701961 0.62179 55
1745058708106 0.61289 56
1745058714231 0.60183 57
1745058720337 0.60667 58
1745058726573 0.61959 59
1745058732830 0.62423 60
1745058739014 0.63048 61
1745058745267 0.62531 62
1745058751779 0.6299 63
1745058757909 0.62825 64
1745058764120 0.6335 65
1745058770311 0.62557 66
1745058776558 0.62298 67
1745058782694 0.63079 68
1745058788756 0.63045 69
1745058794950 0.63242 70
1745058801188 0.62209 71
1745058807636 0.62849 72
1745058813818 0.63107 73
1745058820113 0.62787 74
1745058826218 0.63447 75
1745058832349 0.63203 76
1745058838521 0.62939 77
1745058844716 0.63875 78
1745058850987 0.63772 79
1745058857453 0.63562 80
1745058863631 0.63465 81
1745058869825 0.64002 82
1745058876038 0.63967 83
1745058882293 0.63857 84
1745058888375 0.63351 85
1745058894517 0.63923 86
1745058900708 0.64389 87
1745058906914 0.64397 88
1745058913465 0.64153 89
1745058921539 0.63818 90
1745058927700 0.63797 91
1745058933708 0.63268 92
1745058939759 0.63128 93
1745058945837 0.63186 94
1745058951934 0.63448 95
1745058957943 0.63894 96
1745058964304 0.63756 97
1745058970427 0.63313 98
1745058976545 0.6345 99
1745058983408 0.6442061155795535 99
