1745058343193 0.02542 0
1745058349688 0.05718 1
1745058356058 0.08231 2
1745058364258 0.17876 3
1745058370678 0.19488 4
1745058378339 0.20567 5
1745058386544 0.25071 6
1745058392809 0.24724 7
1745058399112 0.26543 8
1745058405951 0.27959 9
1745058412580 0.27857 10
1745058418955 0.27342 11
1745058425160 0.27286 12
1745058431701 0.28365 13
1745058437769 0.28244 14
1745058444058 0.28435 15
1745058450301 0.29056 16
1745058456538 0.29178 17
1745058462743 0.31131 18
1745058468879 0.31567 19
1745058475150 0.30612 20
1745058481645 0.31585 21
1745058487836 0.31088 22
1745058493967 0.30823 23
1745058500216 0.32068 24
1745058506531 0.31921 25
1745058512755 0.3336 26
1745058519119 0.32321 27
1745058525224 0.32291 28
1745058531345 0.32367 29
1745058537796 0.31011 30
1745058544002 0.33561 31
1745058550168 0.33842 32
1745058556486 0.33456 33
1745058562826 0.33109 34
1745058569011 0.33369 35
1745058575571 0.34527 36
1745058581841 0.33595 37
1745058589390 0.34322 38
1745058598602 0.34072 39
1745058605659 0.35396 40
1745058612690 0.34457 41
1745058620746 0.35313 42
1745058627015 0.35574 43
1745058633103 0.35532 44
1745058639327 0.34385 45
1745058645805 0.34853 46
1745058651958 0.3491 47
1745058658257 0.35916 48
1745058664375 0.35092 49
1745058670603 0.35777 50
1745058676859 0.36533 51
1745058683031 0.35689 52
1745058689279 0.35285 53
1745058695484 0.35508 54
1745058701961 0.36606 55
1745058708106 0.3698 56
1745058714231 0.35276 57
1745058720337 0.35851 58
1745058726573 0.36645 59
1745058732830 0.3698 60
1745058739014 0.37096 61
1745058745267 0.36931 62
1745058751779 0.36841 63
1745058757909 0.37635 64
1745058764120 0.37822 65
1745058770311 0.37189 66
1745058776558 0.37403 67
1745058782694 0.38057 68
1745058788756 0.37929 69
1745058794950 0.37714 70
1745058801188 0.37317 71
1745058807636 0.3714 72
1745058813818 0.37436 73
1745058820113 0.37801 74
1745058826218 0.38005 75
1745058832349 0.37902 76
1745058838521 0.37218 77
1745058844716 0.37555 78
1745058850987 0.38556 79
1745058857453 0.3837 80
1745058863631 0.38126 81
1745058869825 0.38401 82
1745058876038 0.38362 83
1745058882293 0.38217 84
1745058888375 0.38071 85
1745058894517 0.38174 86
1745058900708 0.38373 87
1745058906914 0.38733 88
1745058913465 0.38419 89
1745058921539 0.37603 90
1745058927700 0.36964 91
1745058933708 0.37411 92
1745058939759 0.36999 93
1745058945837 0.37512 94
1745058951934 0.37606 95
1745058957943 0.37836 96
1745058964304 0.37961 97
1745058970427 0.37816 98
1745058976545 0.37624 99
1745058983408 0.38710616954522253 99
