1745058343193 0.01148 0
1745058349688 0.01147 1
1745058356058 0.72179 2
1745058364258 0.53847 3
1745058370678 0.57381 4
1745058378339 0.50569 5
1745058386544 0.56306 6
1745058392809 0.57671 7
1745058399112 0.59714 8
1745058405951 0.64986 9
1745058412580 0.70785 10
1745058418955 0.69051 11
1745058425160 0.71827 12
1745058431701 0.75225 13
1745058437769 0.63962 14
1745058444058 0.62304 15
1745058450301 0.70232 16
1745058456538 0.69632 17
1745058462743 0.68383 18
1745058468879 0.70487 19
1745058475150 0.71612 20
1745058481645 0.73784 21
1745058487836 0.75032 22
1745058493967 0.72076 23
1745058500216 0.70867 24
1745058506531 0.72983 25
1745058512755 0.74678 26
1745058519119 0.75565 27
1745058525224 0.74617 28
1745058531345 0.73989 29
1745058537796 0.74882 30
1745058544002 0.7596 31
1745058550168 0.69957 32
1745058556486 0.7273 33
1745058562826 0.68104 34
1745058569011 0.72682 35
1745058575571 0.77824 36
1745058581841 0.75207 37
1745058589390 0.72595 38
1745058598602 0.76426 39
1745058605659 0.74463 40
1745058612690 0.76825 41
1745058620746 0.80919 42
1745058627015 0.79975 43
1745058633103 0.75138 44
1745058639327 0.73934 45
1745058645805 0.80343 46
1745058651958 0.73945 47
1745058658257 0.73101 48
1745058664375 0.72186 49
1745058670603 0.75271 50
1745058676859 0.7752 51
1745058683031 0.80221 52
1745058689279 0.78214 53
1745058695484 0.76492 54
1745058701961 0.80158 55
1745058708106 0.73185 56
1745058714231 0.71954 57
1745058720337 0.70836 58
1745058726573 0.8005 59
1745058732830 0.78319 60
1745058739014 0.77784 61
1745058745267 0.78308 62
1745058751779 0.74485 63
1745058757909 0.78764 64
1745058764120 0.80892 65
1745058770311 0.83823 66
1745058776558 0.81346 67
1745058782694 0.75859 68
1745058788756 0.77043 69
1745058794950 0.73763 70
1745058801188 0.72191 71
1745058807636 0.7829 72
1745058813818 0.78908 73
1745058820113 0.72902 74
1745058826218 0.80678 75
1745058832349 0.79907 76
1745058838521 0.78268 77
1745058844716 0.83878 78
1745058850987 0.80097 79
1745058857453 0.76894 80
1745058863631 0.78864 81
1745058869825 0.81279 82
1745058876038 0.78397 83
1745058882293 0.80132 84
1745058888375 0.76902 85
1745058894517 0.78161 86
1745058900708 0.79433 87
1745058906914 0.79473 88
1745058913465 0.77347 89
1745058921539 0.77482 90
1745058927700 0.81395 91
1745058933708 0.75917 92
1745058939759 0.73535 93
1745058945837 0.79619 94
1745058951934 0.79184 95
1745058957943 0.80106 96
1745058964304 0.81012 97
1745058970427 0.79464 98
1745058976545 0.79112 99
1745058983408 0.791423562562187 99
