1745058343193 0.11592 0
1745058349688 0.25656 1
1745058356058 0.11695 2
1745058364258 0.33035 3
1745058370678 0.37539 4
1745058378339 0.41018 5
1745058386544 0.45043 6
1745058392809 0.45635 7
1745058399112 0.48699 8
1745058405951 0.45694 9
1745058412580 0.45713 10
1745058418955 0.4302 11
1745058425160 0.4611 12
1745058431701 0.45057 13
1745058437769 0.47423 14
1745058444058 0.49602 15
1745058450301 0.47119 16
1745058456538 0.48063 17
1745058462743 0.52401 18
1745058468879 0.51001 19
1745058475150 0.50253 20
1745058481645 0.51094 21
1745058487836 0.50424 22
1745058493967 0.49013 23
1745058500216 0.51546 24
1745058506531 0.52363 25
1745058512755 0.52503 26
1745058519119 0.517 27
1745058525224 0.52287 28
1745058531345 0.53721 29
1745058537796 0.51903 30
1745058544002 0.53551 31
1745058550168 0.57183 32
1745058556486 0.52631 33
1745058562826 0.53289 34
1745058569011 0.56483 35
1745058575571 0.553 36
1745058581841 0.55668 37
1745058589390 0.56232 38
1745058598602 0.54679 39
1745058605659 0.54269 40
1745058612690 0.5379 41
1745058620746 0.54217 42
1745058627015 0.5459 43
1745058633103 0.57434 44
1745058639327 0.55893 45
1745058645805 0.55633 46
1745058651958 0.57334 47
1745058658257 0.59215 48
1745058664375 0.57599 49
1745058670603 0.57823 50
1745058676859 0.58179 51
1745058683031 0.53366 52
1745058689279 0.55079 53
1745058695484 0.56917 54
1745058701961 0.57354 55
1745058708106 0.58826 56
1745058714231 0.56803 57
1745058720337 0.57896 58
1745058726573 0.5517 59
1745058732830 0.57004 60
1745058739014 0.55031 61
1745058745267 0.56171 62
1745058751779 0.57766 63
1745058757909 0.56837 64
1745058764120 0.58074 65
1745058770311 0.55936 66
1745058776558 0.54564 67
1745058782694 0.57781 68
1745058788756 0.57101 69
1745058794950 0.59415 70
1745058801188 0.58793 71
1745058807636 0.56947 72
1745058813818 0.5743 73
1745058820113 0.58827 74
1745058826218 0.57149 75
1745058832349 0.57022 76
1745058838521 0.56107 77
1745058844716 0.55573 78
1745058850987 0.57768 79
1745058857453 0.58883 80
1745058863631 0.56978 81
1745058869825 0.58105 82
1745058876038 0.59418 83
1745058882293 0.57439 84
1745058888375 0.58147 85
1745058894517 0.59124 86
1745058900708 0.59214 87
1745058906914 0.57694 88
1745058913465 0.58926 89
1745058921539 0.59248 90
1745058927700 0.57834 91
1745058933708 0.58398 92
1745058939759 0.60143 93
1745058945837 0.57255 94
1745058951934 0.57853 95
1745058957943 0.58077 96
1745058964304 0.57985 97
1745058970427 0.57206 98
1745058976545 0.57747 99
1745058983408 0.5776499623627398 99
