1745058341537 1.54664 0
1745058348400 1.56079 1
1745058354740 1.58859 2
1745058363021 1.59495 3
1745058369333 1.55642 4
1745058376942 1.48738 5
1745058385333 1.44824 6
1745058391528 1.44418 7
1745058397874 1.44509 8
1745058404463 1.42262 9
1745058411364 1.39187 10
1745058417650 1.38077 11
1745058423908 1.35386 12
1745058430496 1.35325 13
1745058436628 1.28903 14
1745058442789 1.30717 15
1745058449017 1.2942 16
1745058455244 1.27385 17
1745058461475 1.25563 18
1745058467750 1.23114 19
1745058473971 1.28437 20
1745058480145 1.20117 21
1745058486602 1.21291 22
1745058492830 1.21107 23
1745058498944 1.20469 24
1745058505289 1.21263 25
1745058511561 1.2009 26
1745058517962 1.20564 27
1745058524020 1.16835 28
1745058530165 1.12779 29
1745058536344 1.20768 30
1745058542816 1.18871 31
1745058548948 1.15058 32
1745058555303 1.14944 33
1745058561706 1.15029 34
1745058567847 1.12973 35
1745058574325 1.09823 36
1745058580618 1.11907 37
1745058586801 1.11885 38
1745058597424 1.10753 39
1745058604013 1.09172 40
1745058611443 1.08796 41
1745058619582 1.06598 42
1745058625708 1.08649 43
1745058631981 1.01924 44
1745058638175 1.07998 45
1745058644338 1.09019 46
1745058650822 1.05556 47
1745058657024 1.06359 48
1745058663170 1.02669 49
1745058669381 1.01349 50
1745058675638 1.01659 51
1745058681839 1.0504 52
1745058688063 1.03288 53
1745058694219 1.01706 54
1745058700497 1.01046 55
1745058706949 0.97695 56
1745058713111 0.97276 57
1745058719132 0.96964 58
1745058725375 0.98656 59
1745058731571 1.00399 60
1745058737867 0.97955 61
1745058744072 0.99512 62
1745058750296 0.96883 63
1745058756748 0.96105 64
1745058762944 0.96018 65
1745058769043 0.94886 66
1745058775390 0.94969 67
1745058781487 0.94796 68
1745058787670 0.93163 69
1745058793760 0.93605 70
1745058800022 0.92079 71
1745058806182 0.91106 72
1745058812696 0.94754 73
1745058818949 0.89959 74
1745058825058 0.90502 75
1745058831160 0.89908 76
1745058837405 0.91679 77
1745058843534 0.87812 78
1745058849761 0.89973 79
1745058855980 0.88502 80
1745058862512 0.87324 81
1745058868659 0.8971 82
1745058874843 0.87605 83
1745058881069 0.87024 84
1745058887279 0.87433 85
1745058893337 0.90067 86
1745058899521 0.87072 87
1745058905697 0.85434 88
1745058911990 0.8903 89
1745058920288 0.89135 90
1745058926469 0.88535 91
1745058932582 0.84955 92
1745058938613 0.82456 93
1745058944636 0.82645 94
1745058950720 0.83074 95
1745058956843 0.81699 96
1745058962846 0.79953 97
1745058969208 0.78844 98
1745058975348 0.80937 99
