1745058341537 4.03973 0
1745058348400 3.36321 1
1745058354740 2.59801 2
1745058363021 2.26207 3
1745058369333 1.99824 4
1745058376942 1.83939 5
1745058385333 1.76779 6
1745058391528 1.64564 7
1745058397874 1.58298 8
1745058404463 1.57928 9
1745058411364 1.49695 10
1745058417650 1.50783 11
1745058423908 1.4664 12
1745058430496 1.41141 13
1745058436628 1.38655 14
1745058442789 1.34234 15
1745058449017 1.34887 16
1745058455244 1.32037 17
1745058461475 1.26656 18
1745058467750 1.22282 19
1745058473971 1.25944 20
1745058480145 1.19542 21
1745058486602 1.18878 22
1745058492830 1.1697 23
1745058498944 1.13931 24
1745058505289 1.14513 25
1745058511561 1.12575 26
1745058517962 1.11746 27
1745058524020 1.10269 28
1745058530165 1.07732 29
1745058536344 1.11527 30
1745058542816 1.05151 31
1745058548948 1.03088 32
1745058555303 1.03858 33
1745058561706 1.01349 34
1745058567847 1.02375 35
1745058574325 0.96544 36
1745058580618 0.98703 37
1745058586801 0.96423 38
1745058597424 0.95926 39
1745058604013 0.9558 40
1745058611443 0.9532 41
1745058619582 0.92403 42
1745058625708 0.94139 43
1745058631981 0.86564 44
1745058638175 0.92233 45
1745058644338 0.90172 46
1745058650822 0.87752 47
1745058657024 0.8655 48
1745058663170 0.84496 49
1745058669381 0.85392 50
1745058675638 0.83108 51
1745058681839 0.86777 52
1745058688063 0.87085 53
1745058694219 0.83442 54
1745058700497 0.82802 55
1745058706949 0.80471 56
1745058713111 0.80421 57
1745058719132 0.79988 58
1745058725375 0.81205 59
1745058731571 0.82039 60
1745058737867 0.79474 61
1745058744072 0.8012 62
1745058750296 0.77094 63
1745058756748 0.76239 64
1745058762944 0.75718 65
1745058769043 0.76612 66
1745058775390 0.77054 67
1745058781487 0.75533 68
1745058787670 0.75388 69
1745058793760 0.7325 70
1745058800022 0.71855 71
1745058806182 0.71776 72
1745058812696 0.73514 73
1745058818949 0.72584 74
1745058825058 0.71573 75
1745058831160 0.72172 76
1745058837405 0.71319 77
1745058843534 0.69395 78
1745058849761 0.70836 79
1745058855980 0.68885 80
1745058862512 0.68136 81
1745058868659 0.70367 82
1745058874843 0.68304 83
1745058881069 0.68237 84
1745058887279 0.69572 85
1745058893337 0.68892 86
1745058899521 0.6916 87
1745058905697 0.66965 88
1745058911990 0.69149 89
1745058920288 0.72272 90
1745058926469 0.69343 91
1745058932582 0.66124 92
1745058938613 0.64614 93
1745058944636 0.64757 94
1745058950720 0.64967 95
1745058956843 0.63471 96
1745058962846 0.6339 97
1745058969208 0.63092 98
1745058975348 0.63196 99
