1745058341537 1.46661 0
1745058348400 1.40988 1
1745058354740 1.41922 2
1745058363021 1.42599 3
1745058369333 1.39571 4
1745058376942 1.36313 5
1745058385333 1.34614 6
1745058391528 1.35216 7
1745058397874 1.34432 8
1745058404463 1.31739 9
1745058411364 1.30719 10
1745058417650 1.29198 11
1745058423908 1.2966 12
1745058430496 1.27804 13
1745058436628 1.26181 14
1745058442789 1.26505 15
1745058449017 1.25912 16
1745058455244 1.25079 17
1745058461475 1.23956 18
1745058467750 1.21761 19
1745058473971 1.2421 20
1745058480145 1.20062 21
1745058486602 1.19825 22
1745058492830 1.1993 23
1745058498944 1.19963 24
1745058505289 1.19841 25
1745058511561 1.18221 26
1745058517962 1.20317 27
1745058524020 1.17714 28
1745058530165 1.16969 29
1745058536344 1.18226 30
1745058542816 1.16385 31
1745058548948 1.17149 32
1745058555303 1.16858 33
1745058561706 1.17057 34
1745058567847 1.15673 35
1745058574325 1.1488 36
1745058580618 1.13025 37
1745058586801 1.14262 38
1745058597424 1.1414 39
1745058604013 1.15124 40
1745058611443 1.14347 41
1745058619582 1.13589 42
1745058625708 1.12085 43
1745058631981 1.09177 44
1745058638175 1.12947 45
1745058644338 1.1117 46
1745058650822 1.11444 47
1745058657024 1.10064 48
1745058663170 1.09997 49
1745058669381 1.11249 50
1745058675638 1.09012 51
1745058681839 1.10893 52
1745058688063 1.08397 53
1745058694219 1.10265 54
1745058700497 1.11454 55
1745058706949 1.0899 56
1745058713111 1.08812 57
1745058719132 1.07525 58
1745058725375 1.07864 59
1745058731571 1.09161 60
1745058737867 1.06815 61
1745058744072 1.08962 62
1745058750296 1.06989 63
1745058756748 1.06335 64
1745058762944 1.06765 65
1745058769043 1.05679 66
1745058775390 1.05238 67
1745058781487 1.05581 68
1745058787670 1.06446 69
1745058793760 1.06124 70
1745058800022 1.03418 71
1745058806182 1.0348 72
1745058812696 1.05032 73
1745058818949 1.0313 74
1745058825058 1.04819 75
1745058831160 1.03462 76
1745058837405 1.03563 77
1745058843534 1.02774 78
1745058849761 1.03579 79
1745058855980 1.00958 80
1745058862512 1.02346 81
1745058868659 1.03409 82
1745058874843 1.02288 83
1745058881069 1.01846 84
1745058887279 1.033 85
1745058893337 1.02795 86
1745058899521 1.02869 87
1745058905697 1.01029 88
1745058911990 1.01586 89
1745058920288 1.03389 90
1745058926469 1.00957 91
1745058932582 1.00585 92
1745058938613 0.99134 93
1745058944636 0.99911 94
1745058950720 0.99662 95
1745058956843 0.98682 96
1745058962846 0.99289 97
1745058969208 0.97004 98
1745058975348 0.9761 99
