5 0.436625 0.44240625 0.054953125000000005 0.04296875
5 0.69853125 0.36675 0.0631875 0.047140625000000005
5 0.946375 0.35571875 0.069625 0.054765625
6 0.9578125 0.27571875 0.084390625 0.0866875
9 0.11521875 0.53621875 0.2304375 0.64234375
4 0.595265625 0.739203125 0.0814375 0.1099375
4 0.266859375 0.768765625 0.044171875 0.09373437500000001
4 0.404765625 0.7317812499999999 0.06775 0.074640625
6 0.08415625 0.266125 0.1165 0.10457812500000001
6 0.43200000000000005 0.359640625 0.169828125 0.082359375
6 0.6903125 0.29371875 0.09323437500000001 0.075390625