4 0.23917187499999998 0.5217343750000001 0.04975 0.057499999999999996
5 0.811359375 0.23546874999999998 0.07173437499999999 0.035812500000000004
9 0.13871875 0.581171875 0.20812499999999998 0.6465
4 0.49050000000000005 0.5820624999999999 0.093046875 0.09553125
6 0.309765625 0.23156249999999998 0.08982812500000001 0.06203125
5 0.534359375 0.21221874999999998 0.07590625 0.0385
9 0.313484375 0.570515625 0.18940625 0.66753125
6 0.154046875 0.22932812500000002 0.09034375 0.064828125
6 0.538 0.1389375 0.10403124999999999 0.087765625
9 0.5402812499999999 0.527671875 0.25725 0.77675
5 0.159875 0.2805625 0.06521875 0.029593750000000002
5 0.31196875 0.281578125 0.06526562500000001 0.031125000000000003
6 0.8179375 0.183140625 0.1068125 0.07954687499999999
9 0.8467343749999999 0.518171875 0.279984375 0.8247031249999999