5 0.29167187499999997 0.332078125 0.07520312500000001 0.043828125
5 0.18912500000000002 0.169359375 0.079625 0.042546875
5 0.6143125 0.27371875 0.070015625 0.04159375
5 0.49517187500000004 0.23107812499999997 0.079 0.042171875
5 0.8124062500000001 0.24095312500000002 0.086734375 0.04740625
6 0.185 0.10498437499999999 0.10792187499999999 0.072515625
6 0.491390625 0.16478125 0.107171875 0.080625
4 0.631984375 0.670375 0.049984375 0.08878125
6 0.6135625 0.208578125 0.10024999999999999 0.084125
4 0.59128125 0.675953125 0.0643125 0.09426562499999999
6 0.291234375 0.26834375 0.09668750000000001 0.0775625
6 0.814015625 0.17496875 0.10004687500000001 0.067359375
4 0.5932031249999999 0.670390625 0.0979375 0.136515625
4 0.327125 0.68484375 0.07465625000000001 0.1181875