6 0.32489999999999997 0.42650000000000005 0.004754545454545455 0.0045472972972972975
6 0.3477954545454545 0.4158513513513514 0.003140909090909091 0.0035202702702702704
6 0.35874545454545453 0.4305405405405406 0.0029636363636363636 0.0039391891891891895
6 0.36355454545454546 0.4362027027027027 0.0028454545454545455 0.004648648648648649
6 0.39092272727272726 0.40593918918918914 0.004981818181818182 0.004932432432432432
8 0.3921090909090909 0.4218243243243243 0.007354545454545455 0.01739189189189189
8 0.3476 0.42611486486486483 0.00405 0.012452702702702703
8 0.32219090909090914 0.43693918918918917 0.0060272727272727275 0.009283783783783785
8 0.34877272727272723 0.43667567567567567 0.00575 0.010425675675675676
9 0.32577727272727275 0.4421554054054054 0.01300909090909091 0.035858108108108105
9 0.34625 0.4231621621621621 0.007195454545454546 0.018135135135135136
9 0.3537909090909091 0.44120945945945944 0.016436363636363634 0.030094594594594595
9 0.3582272727272727 0.4343445945945946 0.006477272727272727 0.010581081081081082
9 0.3641227272727273 0.4416756756756756 0.008527272727272729 0.016554054054054055
9 0.3825772727272727 0.44155405405405407 0.0038727272727272725 0.021135135135135135
9 0.3915909090909091 0.4335202702702703 0.012163636363636364 0.062013513513513516