1745060296735 0.02392 0
1745060304164 0.06144 1
1745060312031 0.07776 2
1745060318200 0.15158 3
1745060324257 0.18792 4
1745060332287 0.19755 5
1745060339251 0.23001 6
1745060345358 0.23985 7
1745060351427 0.23435 8
1745060357473 0.28178 9
1745060363866 0.27469 10
1745060370088 0.30445 11
1745060377666 0.3063 12
1745060383797 0.3227 13
1745060389823 0.32764 14
1745060395846 0.31856 15
1745060401800 0.32325 16
1745060407904 0.33404 17
1745060413958 0.31677 18
1745060420464 0.33655 19
1745060426566 0.32565 20
1745060432679 0.34198 21
1745060438769 0.3328 22
1745060444795 0.34004 23
1745060450981 0.33449 24
1745060458607 0.34606 25
1745060464658 0.35612 26
1745060470801 0.36564 27
1745060477067 0.35493 28
1745060483180 0.33883 29
1745060489130 0.35713 30
1745060495537 0.36494 31
1745060501524 0.34908 32
1745060507615 0.36164 33
1745060513702 0.36334 34
1745060519736 0.3499 35
1745060527280 0.36058 36
1745060533707 0.36473 37
1745060539692 0.35039 38
1745060547074 0.36678 39
1745060553141 0.37079 40
1745060559194 0.3794 41
1745060565328 0.38342 42
1745060571385 0.37866 43
1745060577667 0.37514 44
1745060584288 0.37633 45
1745060590297 0.37264 46
1745060596350 0.3737 47
1745060602339 0.37828 48
1745060608314 0.37909 49
1745060614924 0.38095 50
1745060621270 0.37867 51
1745060627236 0.38692 52
1745060633509 0.40058 53
1745060639463 0.3949 54
1745060645561 0.38588 55
1745060651498 0.38103 56
1745060658031 0.39369 57
1745060664002 0.38537 58
1745060670072 0.39267 59
1745060676147 0.38427 60
1745060682133 0.38734 61
1745060689750 0.38306 62
1745060697483 0.38781 63
1745060703451 0.39134 64
1745060709451 0.38469 65
1745060717856 0.39221 66
1745060724992 0.38824 67
1745060733771 0.38008 68
1745060741808 0.37986 69
1745060749174 0.38408 70
1745060755488 0.38724 71
1745060761529 0.38717 72
1745060767605 0.38261 73
1745060773626 0.39399 74
1745060779622 0.39546 75
1745060785569 0.39904 76
1745060791837 0.40179 77
1745060799820 0.39877 78
1745060805793 0.39622 79
1745060814443 0.39737 80
1745060820817 0.40221 81
1745060826853 0.40035 82
1745060832978 0.40509 83
1745060838881 0.40171 84
1745060844951 0.40214 85
1745060851902 0.40527 86
1745060858040 0.40153 87
1745060864287 0.39566 88
1745060870434 0.40031 89
1745060878267 0.3916 90
1745060884264 0.39224 91
1745060890179 0.39336 92
1745060896184 0.3934 93
1745060902045 0.39228 94
1745060907946 0.39601 95
1745060914170 0.39429 96
1745060920146 0.39583 97
1745060926087 0.39651 98
1745060932295 0.39538 99
1745060942552 0.40438734145919153 99
