1745060296735 0.03754 0
1745060304164 0.10635 1
1745060312031 0.15438 2
1745060318200 0.29625 3
1745060324257 0.37541 4
1745060332287 0.37908 5
1745060339251 0.44663 6
1745060345358 0.47117 7
1745060351427 0.46507 8
1745060357473 0.52726 9
1745060363866 0.52971 10
1745060370088 0.56899 11
1745060377666 0.56919 12
1745060383797 0.59984 13
1745060389823 0.58982 14
1745060395846 0.5797 15
1745060401800 0.58878 16
1745060407904 0.61204 17
1745060413958 0.58687 18
1745060420464 0.61142 19
1745060426566 0.59397 20
1745060432679 0.62055 21
1745060438769 0.61496 22
1745060444795 0.60255 23
1745060450981 0.59742 24
1745060458607 0.602 25
1745060464658 0.6365 26
1745060470801 0.64881 27
1745060477067 0.63384 28
1745060483180 0.61767 29
1745060489130 0.63571 30
1745060495537 0.64894 31
1745060501524 0.62022 32
1745060507615 0.63014 33
1745060513702 0.64038 34
1745060519736 0.61967 35
1745060527280 0.6572 36
1745060533707 0.64374 37
1745060539692 0.63315 38
1745060547074 0.64166 39
1745060553141 0.64256 40
1745060559194 0.65477 41
1745060565328 0.66101 42
1745060571385 0.66581 43
1745060577667 0.67133 44
1745060584288 0.67522 45
1745060590297 0.67066 46
1745060596350 0.66392 47
1745060602339 0.65892 48
1745060608314 0.65685 49
1745060614924 0.6675 50
1745060621270 0.67414 51
1745060627236 0.67865 52
1745060633509 0.67678 53
1745060639463 0.68266 54
1745060645561 0.68147 55
1745060651498 0.68356 56
1745060658031 0.6872 57
1745060664002 0.68567 58
1745060670072 0.6803 59
1745060676147 0.67929 60
1745060682133 0.67352 61
1745060689750 0.67036 62
1745060697483 0.67511 63
1745060703451 0.68381 64
1745060709451 0.67504 65
1745060717856 0.67183 66
1745060724992 0.66796 67
1745060733771 0.66093 68
1745060741808 0.67712 69
1745060749174 0.66884 70
1745060755488 0.66869 71
1745060761529 0.67898 72
1745060767605 0.67592 73
1745060773626 0.6801 74
1745060779622 0.68155 75
1745060785569 0.68576 76
1745060791837 0.68664 77
1745060799820 0.6863 78
1745060805793 0.68946 79
1745060814443 0.68468 80
1745060820817 0.68792 81
1745060826853 0.69106 82
1745060832978 0.69481 83
1745060838881 0.68987 84
1745060844951 0.68926 85
1745060851902 0.69158 86
1745060858040 0.6858 87
1745060864287 0.68774 88
1745060870434 0.68802 89
1745060878267 0.68378 90
1745060884264 0.68191 91
1745060890179 0.68826 92
1745060896184 0.68843 93
1745060902045 0.68514 94
1745060907946 0.68426 95
1745060914170 0.68662 96
1745060920146 0.6861 97
1745060926087 0.68739 98
1745060932295 0.68651 99
1745060942552 0.6948974249650117 99
