1745060296735 0.00895 0
1745060304164 0.01183 1
1745060312031 0.75949 2
1745060318200 0.72786 3
1745060324257 0.47995 4
1745060332287 0.5962 5
1745060339251 0.55314 6
1745060345358 0.54809 7
1745060351427 0.56364 8
1745060357473 0.58017 9
1745060363866 0.688 10
1745060370088 0.71589 11
1745060377666 0.66417 12
1745060383797 0.80036 13
1745060389823 0.72628 14
1745060395846 0.79707 15
1745060401800 0.7703 16
1745060407904 0.68196 17
1745060413958 0.64143 18
1745060420464 0.68222 19
1745060426566 0.67722 20
1745060432679 0.7049 21
1745060438769 0.74757 22
1745060444795 0.7389 23
1745060450981 0.7167 24
1745060458607 0.70852 25
1745060464658 0.70091 26
1745060470801 0.76763 27
1745060477067 0.71077 28
1745060483180 0.745 29
1745060489130 0.71679 30
1745060495537 0.73237 31
1745060501524 0.74248 32
1745060507615 0.75897 33
1745060513702 0.77986 34
1745060519736 0.73377 35
1745060527280 0.77271 36
1745060533707 0.74848 37
1745060539692 0.68673 38
1745060547074 0.68767 39
1745060553141 0.76578 40
1745060559194 0.76873 41
1745060565328 0.74872 42
1745060571385 0.72302 43
1745060577667 0.75457 44
1745060584288 0.75761 45
1745060590297 0.79626 46
1745060596350 0.77745 47
1745060602339 0.76299 48
1745060608314 0.75445 49
1745060614924 0.80133 50
1745060621270 0.77831 51
1745060627236 0.75727 52
1745060633509 0.78856 53
1745060639463 0.75474 54
1745060645561 0.78435 55
1745060651498 0.73838 56
1745060658031 0.76848 57
1745060664002 0.76343 58
1745060670072 0.76377 59
1745060676147 0.80079 60
1745060682133 0.79656 61
1745060689750 0.76962 62
1745060697483 0.79364 63
1745060703451 0.78048 64
1745060709451 0.75754 65
1745060717856 0.74016 66
1745060724992 0.77865 67
1745060733771 0.73077 68
1745060741808 0.77743 69
1745060749174 0.766 70
1745060755488 0.77882 71
1745060761529 0.77882 72
1745060767605 0.79701 73
1745060773626 0.78328 74
1745060779622 0.80063 75
1745060785569 0.76825 76
1745060791837 0.7902 77
1745060799820 0.77125 78
1745060805793 0.79497 79
1745060814443 0.78975 80
1745060820817 0.77117 81
1745060826853 0.82567 82
1745060832978 0.77894 83
1745060838881 0.7706 84
1745060844951 0.77756 85
1745060851902 0.7893 86
1745060858040 0.78675 87
1745060864287 0.7961 88
1745060870434 0.77426 89
1745060878267 0.80142 90
1745060884264 0.78492 91
1745060890179 0.79297 92
1745060896184 0.77219 93
1745060902045 0.77482 94
1745060907946 0.75172 95
1745060914170 0.76517 96
1745060920146 0.78838 97
1745060926087 0.77365 98
1745060932295 0.77797 99
1745060942552 0.7783558714194464 99
