1745060296735 0.10471 0
1745060304164 0.23901 1
1745060312031 0.11631 2
1745060318200 0.23386 3
1745060324257 0.32692 4
1745060332287 0.35796 5
1745060339251 0.38993 6
1745060345358 0.44726 7
1745060351427 0.45273 8
1745060357473 0.48273 9
1745060363866 0.47841 10
1745060370088 0.49919 11
1745060377666 0.53415 12
1745060383797 0.50302 13
1745060389823 0.49306 14
1745060395846 0.486 15
1745060401800 0.50489 16
1745060407904 0.5669 17
1745060413958 0.52654 18
1745060420464 0.54057 19
1745060426566 0.54212 20
1745060432679 0.58664 21
1745060438769 0.55169 22
1745060444795 0.5345 23
1745060450981 0.53742 24
1745060458607 0.53925 25
1745060464658 0.57977 26
1745060470801 0.5848 27
1745060477067 0.57824 28
1745060483180 0.55419 29
1745060489130 0.58121 30
1745060495537 0.58753 31
1745060501524 0.56253 32
1745060507615 0.5625 33
1745060513702 0.56935 34
1745060519736 0.56929 35
1745060527280 0.60336 36
1745060533707 0.58657 37
1745060539692 0.5901 38
1745060547074 0.5924 39
1745060553141 0.59421 40
1745060559194 0.5908 41
1745060565328 0.59838 42
1745060571385 0.61554 43
1745060577667 0.60374 44
1745060584288 0.61017 45
1745060590297 0.5904 46
1745060596350 0.57728 47
1745060602339 0.59255 48
1745060608314 0.60752 49
1745060614924 0.59634 50
1745060621270 0.61885 51
1745060627236 0.60698 52
1745060633509 0.60905 53
1745060639463 0.6325 54
1745060645561 0.6032 55
1745060651498 0.62738 56
1745060658031 0.64656 57
1745060664002 0.62766 58
1745060670072 0.62058 59
1745060676147 0.60812 60
1745060682133 0.59545 61
1745060689750 0.60278 62
1745060697483 0.61163 63
1745060703451 0.64375 64
1745060709451 0.62459 65
1745060717856 0.63238 66
1745060724992 0.61176 67
1745060733771 0.63353 68
1745060741808 0.61865 69
1745060749174 0.61468 70
1745060755488 0.61084 71
1745060761529 0.62289 72
1745060767605 0.61585 73
1745060773626 0.62277 74
1745060779622 0.60591 75
1745060785569 0.6254 76
1745060791837 0.61857 77
1745060799820 0.64554 78
1745060805793 0.62882 79
1745060814443 0.62757 80
1745060820817 0.6385 81
1745060826853 0.60675 82
1745060832978 0.64045 83
1745060838881 0.63897 84
1745060844951 0.64064 85
1745060851902 0.63166 86
1745060858040 0.62023 87
1745060864287 0.61485 88
1745060870434 0.6299 89
1745060878267 0.62055 90
1745060884264 0.61811 91
1745060890179 0.62603 92
1745060896184 0.62399 93
1745060902045 0.63617 94
1745060907946 0.63339 95
1745060914170 0.63529 96
1745060920146 0.62223 97
1745060926087 0.62864 98
1745060932295 0.63039 99
1745060942552 0.6405999562949272 99
