1744930100428 1.54293 0
1744930107129 1.54955 1
1744930113511 1.59546 2
1744930119813 1.57849 3
1744930126030 1.56854 4
1744930132288 1.50283 5
1744930138521 1.47554 6
1744930145240 1.43037 7
1744930151528 1.42018 8
1744930157838 1.40617 9
1744930164191 1.38298 10
1744930170286 1.34604 11
1744930176458 1.3094 12
1744930182740 1.32931 13
1744930188956 1.32866 14
1744930195189 1.33089 15
1744930201831 1.29693 16
1744930208060 1.30094 17
1744930214247 1.29325 18
1744930220524 1.30649 19
1744930226737 1.28704 20
1744930232884 1.24066 21
1744930239129 1.23803 22
1744930245370 1.19932 23
1744930251824 1.22222 24
1744930258059 1.21392 25
1744930264190 1.20725 26
1744930270370 1.18385 27
1744930276501 1.19187 28
1744930282781 1.18871 29
1744930288836 1.18891 30
1744930294947 1.16356 31
1744930301162 1.14176 32
1744930307251 1.14789 33
1744930313744 1.16335 34
1744930320159 1.12784 35
1744930326367 1.12288 36
1744930332568 1.10948 37
1744930338843 1.11119 38
1744930345070 1.07903 39
1744930351254 1.13749 40
1744930357456 1.0605 41
1744930363714 1.09053 42
1744930370200 1.04891 43
1744930376335 1.06644 44
1744930382574 1.06243 45
1744930388903 1.06402 46
1744930395165 1.05345 47
1744930401388 1.04802 48
1744930407578 1.03731 49
1744930413779 1.03071 50
1744930420575 1.0418 51
1744930426988 1.05362 52
1744930433289 1.03626 53
1744930439395 1.01852 54
1744930445553 1.03468 55
1744930451878 1.0144 56
1744930458144 1.00004 57
1744930464440 1.01061 58
1744930470611 0.98589 59
1744930476941 0.99042 60
1744930483112 0.98725 61
1744930489222 0.97321 62
1744930495426 0.96971 63
1744930501635 0.96811 64
1744930508063 0.9458 65
1744930514121 0.99648 66
1744930520320 0.91481 67
1744930526687 0.93263 68
1744930532904 0.9598 69
1744930539036 0.93997 70
1744930545173 0.94554 71
1744930551350 0.94308 72
1744930557368 0.93067 73
1744930563532 0.91788 74
1744930569746 0.92124 75
1744930575782 0.92221 76
1744930582381 0.89796 77
1744930588588 0.88316 78
1744930594819 0.92297 79
1744930602647 0.89576 80
1744930608958 0.88015 81
1744930615168 0.87277 82
1744930621355 0.85281 83
1744930627607 0.86595 84
1744930634144 0.86569 85
1744930640387 0.86097 86
1744930646657 0.8385 87
1744930653014 0.85693 88
1744930659250 0.85838 89
1744930667413 0.88437 90
1744930673504 0.86343 91
1744930679525 0.83564 92
1744930685584 0.84217 93
1744930692159 0.82151 94
1744930698315 0.82614 95
1744930704397 0.82769 96
1744930710515 0.80541 97
1744930716596 0.81814 98
1744930722790 0.80872 99
