1744930100428 4.01656 0
1744930107129 3.34634 1
1744930113511 2.63994 2
1744930119813 2.18582 3
1744930126030 2.05823 4
1744930132288 1.87656 5
1744930138521 1.76338 6
1744930145240 1.67553 7
1744930151528 1.57814 8
1744930157838 1.5668 9
1744930164191 1.4845 10
1744930170286 1.4424 11
1744930176458 1.42826 12
1744930182740 1.3573 13
1744930188956 1.36582 14
1744930195189 1.3527 15
1744930201831 1.32035 16
1744930208060 1.30252 17
1744930214247 1.31297 18
1744930220524 1.26991 19
1744930226737 1.22963 20
1744930232884 1.20157 21
1744930239129 1.22153 22
1744930245370 1.16573 23
1744930251824 1.18416 24
1744930258059 1.166 25
1744930264190 1.12356 26
1744930270370 1.1042 27
1744930276501 1.10579 28
1744930282781 1.09815 29
1744930288836 1.09203 30
1744930294947 1.03343 31
1744930301162 1.02467 32
1744930307251 1.02499 33
1744930313744 1.03313 34
1744930320159 1.00369 35
1744930326367 0.98155 36
1744930332568 0.96819 37
1744930338843 0.98187 38
1744930345070 0.96595 39
1744930351254 0.94404 40
1744930357456 0.91566 41
1744930363714 0.92791 42
1744930370200 0.91986 43
1744930376335 0.89033 44
1744930382574 0.89378 45
1744930388903 0.9068 46
1744930395165 0.90373 47
1744930401388 0.87964 48
1744930407578 0.88266 49
1744930413779 0.86563 50
1744930420575 0.8542 51
1744930426988 0.88066 52
1744930433289 0.85338 53
1744930439395 0.84549 54
1744930445553 0.84888 55
1744930451878 0.81649 56
1744930458144 0.82188 57
1744930464440 0.83413 58
1744930470611 0.80399 59
1744930476941 0.81421 60
1744930483112 0.79236 61
1744930489222 0.7815 62
1744930495426 0.76398 63
1744930501635 0.77246 64
1744930508063 0.75545 65
1744930514121 0.78404 66
1744930520320 0.74843 67
1744930526687 0.73968 68
1744930532904 0.77405 69
1744930539036 0.75201 70
1744930545173 0.74145 71
1744930551350 0.73728 72
1744930557368 0.72614 73
1744930563532 0.72321 74
1744930569746 0.72364 75
1744930575782 0.70564 76
1744930582381 0.69796 77
1744930588588 0.69651 78
1744930594819 0.69741 79
1744930602647 0.69617 80
1744930608958 0.6861 81
1744930615168 0.68302 82
1744930621355 0.67479 83
1744930627607 0.67808 84
1744930634144 0.67661 85
1744930640387 0.66483 86
1744930646657 0.65733 87
1744930653014 0.65801 88
1744930659250 0.65598 89
1744930667413 0.72007 90
1744930673504 0.66716 91
1744930679525 0.65683 92
1744930685584 0.66106 93
1744930692159 0.64144 94
1744930698315 0.6486 95
1744930704397 0.63475 96
1744930710515 0.6251 97
1744930716596 0.64772 98
1744930722790 0.63105 99
