1744930100428 1.46756 0
1744930107129 1.43313 1
1744930113511 1.43092 2
1744930119813 1.38859 3
1744930126030 1.41942 4
1744930132288 1.38012 5
1744930138521 1.36515 6
1744930145240 1.33456 7
1744930151528 1.31691 8
1744930157838 1.30978 9
1744930164191 1.29515 10
1744930170286 1.29373 11
1744930176458 1.27315 12
1744930182740 1.27594 13
1744930188956 1.28328 14
1744930195189 1.25147 15
1744930201831 1.24034 16
1744930208060 1.24161 17
1744930214247 1.25338 18
1744930220524 1.24233 19
1744930226737 1.22596 20
1744930232884 1.21685 21
1744930239129 1.22103 22
1744930245370 1.20918 23
1744930251824 1.19638 24
1744930258059 1.2 25
1744930264190 1.19079 26
1744930270370 1.17866 27
1744930276501 1.20289 28
1744930282781 1.18166 29
1744930288836 1.16622 30
1744930294947 1.17862 31
1744930301162 1.16303 32
1744930307251 1.17145 33
1744930313744 1.16341 34
1744930320159 1.13465 35
1744930326367 1.1533 36
1744930332568 1.12773 37
1744930338843 1.14819 38
1744930345070 1.15623 39
1744930351254 1.1347 40
1744930357456 1.11995 41
1744930363714 1.12434 42
1744930370200 1.1229 43
1744930376335 1.10227 44
1744930382574 1.09982 45
1744930388903 1.11163 46
1744930395165 1.10739 47
1744930401388 1.10832 48
1744930407578 1.11655 49
1744930413779 1.10797 50
1744930420575 1.09972 51
1744930426988 1.11422 52
1744930433289 1.10338 53
1744930439395 1.08505 54
1744930445553 1.09748 55
1744930451878 1.08443 56
1744930458144 1.08234 57
1744930464440 1.10308 58
1744930470611 1.07116 59
1744930476941 1.07497 60
1744930483112 1.06339 61
1744930489222 1.06617 62
1744930495426 1.05672 63
1744930501635 1.05919 64
1744930508063 1.05812 65
1744930514121 1.06892 66
1744930520320 1.04139 67
1744930526687 1.04959 68
1744930532904 1.06727 69
1744930539036 1.05062 70
1744930545173 1.04416 71
1744930551350 1.0412 72
1744930557368 1.04616 73
1744930563532 1.04977 74
1744930569746 1.03367 75
1744930575782 1.03108 76
1744930582381 1.02628 77
1744930588588 1.02671 78
1744930594819 1.03301 79
1744930602647 1.03221 80
1744930608958 1.03065 81
1744930615168 1.01212 82
1744930621355 1.0145 83
1744930627607 1.01738 84
1744930634144 1.02303 85
1744930640387 1.01229 86
1744930646657 1.01198 87
1744930653014 1.00458 88
1744930659250 1.00657 89
1744930667413 1.01522 90
1744930673504 0.98908 91
1744930679525 0.98733 92
1744930685584 0.99859 93
1744930692159 0.98851 94
1744930698315 0.98163 95
1744930704397 0.98242 96
1744930710515 0.97705 97
1744930716596 0.99536 98
1744930722790 0.97771 99
