1744928795821 0.00019343 0
1744928802576 0.000389634053 1
1744928808937 0.0005818761259999999 2
1744928815433 0.0006471900999999999 3
1744928821494 0.0006405867999999999 4
1744928827861 0.0006339834999999999 5
1744928834378 0.0006273801999999999 6
1744928843018 0.0006207769 7
1744928851479 0.0006141736 8
1744928857687 0.0006075703 9
1744928863811 0.000600967 10
1744928870015 0.0005943637 11
1744928876283 0.0005877603999999999 12
1744928882482 0.0005811570999999999 13
1744928888674 0.0005745538 14
1744928895169 0.0005679505 15
1744928901354 0.0005613472 16
1744928907623 0.0005547439 17
1744928913692 0.0005481406 18
1744928919872 0.0005415373 19
1744928926257 0.000534934 20
1744928932642 0.0005283306999999999 21
1744928938928 0.0005217274 22
1744928945548 0.0005151241 23
1744928951666 0.0005085208 24
1744928957877 0.0005019174999999999 25
1744928963999 0.0004953142 26
1744928970267 0.0004887108999999999 27
1744928976367 0.00048210759999999994 28
1744928982532 0.00047550429999999996 29
1744928988608 0.0004689009999999999 30
1744928995174 0.00046229769999999994 31
1744929001400 0.0004556943999999999 32
1744929007611 0.0004490910999999999 33
1744929013705 0.0004424877999999999 34
1744929019854 0.00043588449999999994 35
1744929025998 0.0004292812 36
1744929032231 0.0004226779 37
1744929038444 0.0004160746 38
1744929044784 0.00040947129999999995 39
1744929051213 0.00040286799999999997 40
1744929057358 0.00039626470000000003 41
1744929063573 0.0003896614 42
1744929069835 0.0003830581 43
1744929076065 0.00037645479999999997 44
1744929082348 0.0003698515 45
1744929088562 0.0003632482 46
1744929094810 0.0003566449 47
1744929101265 0.0003500416 48
1744929107404 0.0003434383 49
1744929113573 0.00033683499999999996 50
1744929119724 0.00033023169999999997 51
1744929125859 0.00032362839999999993 52
1744929131988 0.0003170251 53
1744929138278 0.00031042179999999996 54
1744929144487 0.0003038184999999999 55
1744929150609 0.00029721519999999994 56
1744929157092 0.0002906119 57
1744929163249 0.0002840086 58
1744929169438 0.0002774053 59
1744929175711 0.000270802 60
1744929181876 0.00026419869999999996 61
1744929188122 0.0002575954 62
1744929194465 0.0002509921 63
1744929200577 0.0002443888 64
1744929207086 0.00023778549999999997 65
1744929213229 0.00023118219999999996 66
1744929219601 0.00022457889999999994 67
1744929225674 0.00021797559999999996 68
1744929231987 0.00021137230000000003 69
1744929238146 0.00020476900000000002 70
1744929244274 0.0001981657 71
1744929250477 0.0001915624 72
1744929256964 0.0001849591 73
1744929263158 0.0001783558 74
1744929269367 0.00017175249999999999 75
1744929275524 0.00016514919999999997 76
1744929281717 0.0001585459 77
1744929287792 0.00015194259999999998 78
1744929293933 0.00014533929999999997 79
1744929300041 0.00013873599999999995 80
1744929306513 0.00013213269999999994 81
1744929312790 0.00012552940000000004 82
1744929319032 0.00011892610000000001 83
1744929325228 0.00011232280000000003 84
1744929331447 0.00010571950000000002 85
1744929337516 9.91162e-05 86
1744929343632 9.25129e-05 87
1744929349743 8.59096e-05 88
1744929355894 7.930629999999998e-05 89
1744929364005 7.270299999999997e-05 90
1744929370052 6.609969999999997e-05 91
1744929376017 5.949639999999997e-05 92
1744929382176 5.2893099999999956e-05 93
1744929388139 4.6289800000000026e-05 94
1744929394181 3.968650000000003e-05 95
1744929400136 3.308320000000002e-05 96
1744929406160 2.6479900000000017e-05 97
1744929412104 1.9876600000000012e-05 98
1744929418512 1.3273300000000004e-05 99
