1744930101832 0.03134 0
1744930108358 0.07543 1
1744930114699 0.09827 2
1744930121011 0.15937 3
1744930127215 0.15943 4
1744930133511 0.22205 5
1744930140099 0.22727 6
1744930146489 0.2415 7
1744930152692 0.24082 8
1744930159129 0.27408 9
1744930165281 0.27209 10
1744930171439 0.28232 11
1744930177642 0.29037 12
1744930183899 0.3015 13
1744930190150 0.28994 14
1744930196735 0.28197 15
1744930202955 0.3102 16
1744930209246 0.2921 17
1744930215409 0.31221 18
1744930221655 0.31274 19
1744930227830 0.29797 20
1744930234082 0.31821 21
1744930240307 0.33243 22
1744930246757 0.33434 23
1744930252957 0.33388 24
1744930259156 0.32428 25
1744930265299 0.32989 26
1744930271536 0.32916 27
1744930277700 0.34952 28
1744930283862 0.33058 29
1744930289916 0.33044 30
1744930296056 0.33104 31
1744930302240 0.33222 32
1744930308653 0.34503 33
1744930315035 0.33791 34
1744930321284 0.34502 35
1744930327484 0.35374 36
1744930333726 0.32762 37
1744930339902 0.33723 38
1744930346160 0.32431 39
1744930352363 0.34674 40
1744930358605 0.35456 41
1744930365106 0.34434 42
1744930371318 0.34599 43
1744930377422 0.35099 44
1744930383818 0.3585 45
1744930390104 0.34996 46
1744930396329 0.34786 47
1744930402537 0.35683 48
1744930408712 0.35587 49
1744930415062 0.36366 50
1744930421811 0.36572 51
1744930428140 0.36201 52
1744930434394 0.36239 53
1744930440451 0.36013 54
1744930446695 0.37243 55
1744930453035 0.37615 56
1744930459366 0.36815 57
1744930465561 0.36495 58
1744930471976 0.36694 59
1744930478034 0.35817 60
1744930484249 0.37076 61
1744930490335 0.36628 62
1744930496566 0.36801 63
1744930502944 0.37015 64
1744930509141 0.37506 65
1744930515248 0.3727 66
1744930521677 0.36944 67
1744930527846 0.36965 68
1744930533991 0.3737 69
1744930540110 0.37421 70
1744930546307 0.37702 71
1744930552393 0.36442 72
1744930558442 0.3728 73
1744930564656 0.3776 74
1744930570864 0.38037 75
1744930577240 0.37592 76
1744930583527 0.38036 77
1744930589668 0.37883 78
1744930596313 0.37147 79
1744930603842 0.37531 80
1744930610051 0.37671 81
1744930616304 0.37598 82
1744930622586 0.37567 83
1744930628982 0.3787 84
1744930635311 0.37809 85
1744930641558 0.37802 86
1744930647846 0.37873 87
1744930654207 0.37913 88
1744930660387 0.38318 89
1744930668563 0.37327 90
1744930674623 0.37128 91
1744930680621 0.37528 92
1744930686728 0.37188 93
1744930693342 0.37454 94
1744930699429 0.37081 95
1744930705460 0.37433 96
1744930711609 0.3733 97
1744930717835 0.37535 98
1744930723849 0.37422 99
1744930734088 0.38357202666920953 99
