1744930101832 0.04796 0
1744930108358 0.12043 1
1744930114699 0.1767 2
1744930121011 0.29802 3
1744930127215 0.31649 4
1744930133511 0.41918 5
1744930140099 0.43439 6
1744930146489 0.45503 7
1744930152692 0.46697 8
1744930159129 0.50256 9
1744930165281 0.49539 10
1744930171439 0.51149 11
1744930177642 0.5326 12
1744930183899 0.53261 13
1744930190150 0.53115 14
1744930196735 0.5177 15
1744930202955 0.55319 16
1744930209246 0.52262 17
1744930215409 0.54492 18
1744930221655 0.55937 19
1744930227830 0.53432 20
1744930234082 0.56679 21
1744930240307 0.59651 22
1744930246757 0.57217 23
1744930252957 0.5799 24
1744930259156 0.56189 25
1744930265299 0.57497 26
1744930271536 0.57088 27
1744930277700 0.5985 28
1744930283862 0.57162 29
1744930289916 0.58249 30
1744930296056 0.58336 31
1744930302240 0.58196 32
1744930308653 0.60249 33
1744930315035 0.58859 34
1744930321284 0.58814 35
1744930327484 0.59809 36
1744930333726 0.57553 37
1744930339902 0.59074 38
1744930346160 0.56471 39
1744930352363 0.58405 40
1744930358605 0.60687 41
1744930365106 0.58978 42
1744930371318 0.59722 43
1744930377422 0.60042 44
1744930383818 0.59916 45
1744930390104 0.59571 46
1744930396329 0.58886 47
1744930402537 0.61316 48
1744930408712 0.60669 49
1744930415062 0.61346 50
1744930421811 0.61415 51
1744930428140 0.60951 52
1744930434394 0.60685 53
1744930440451 0.6175 54
1744930446695 0.62006 55
1744930453035 0.62158 56
1744930459366 0.62068 57
1744930465561 0.6078 58
1744930471976 0.61074 59
1744930478034 0.60808 60
1744930484249 0.62328 61
1744930490335 0.62663 62
1744930496566 0.61785 63
1744930502944 0.61741 64
1744930509141 0.62864 65
1744930515248 0.62467 66
1744930521677 0.62181 67
1744930527846 0.61426 68
1744930533991 0.61889 69
1744930540110 0.61976 70
1744930546307 0.62192 71
1744930552393 0.60727 72
1744930558442 0.61448 73
1744930564656 0.62494 74
1744930570864 0.63268 75
1744930577240 0.63006 76
1744930583527 0.63392 77
1744930589668 0.62411 78
1744930596313 0.62965 79
1744930603842 0.62959 80
1744930610051 0.62924 81
1744930616304 0.62708 82
1744930622586 0.62508 83
1744930628982 0.62319 84
1744930635311 0.62773 85
1744930641558 0.62208 86
1744930647846 0.62321 87
1744930654207 0.63108 88
1744930660387 0.634 89
1744930668563 0.62645 90
1744930674623 0.62592 91
1744930680621 0.62404 92
1744930686728 0.62442 93
1744930693342 0.61924 94
1744930699429 0.62197 95
1744930705460 0.62396 96
1744930711609 0.62707 97
1744930717835 0.62461 98
1744930723849 0.62449 99
1744930734088 0.6337921868707871 99
