1744930101832 0.01215 0
1744930108358 0.01304 1
1744930114699 0.85567 2
1744930121011 0.63129 3
1744930127215 0.56932 4
1744930133511 0.4808 5
1744930140099 0.48886 6
1744930146489 0.57501 7
1744930152692 0.63662 8
1744930159129 0.69775 9
1744930165281 0.58652 10
1744930171439 0.63634 11
1744930177642 0.60586 12
1744930183899 0.68298 13
1744930190150 0.71083 14
1744930196735 0.6594 15
1744930202955 0.69428 16
1744930209246 0.62845 17
1744930215409 0.66308 18
1744930221655 0.67199 19
1744930227830 0.62828 20
1744930234082 0.65553 21
1744930240307 0.72592 22
1744930246757 0.67925 23
1744930252957 0.783 24
1744930259156 0.7436 25
1744930265299 0.7097 26
1744930271536 0.71551 27
1744930277700 0.74215 28
1744930283862 0.73716 29
1744930289916 0.78408 30
1744930296056 0.68162 31
1744930302240 0.76173 32
1744930308653 0.74415 33
1744930315035 0.72433 34
1744930321284 0.71998 35
1744930327484 0.76461 36
1744930333726 0.69192 37
1744930339902 0.76134 38
1744930346160 0.73855 39
1744930352363 0.70804 40
1744930358605 0.75997 41
1744930365106 0.69867 42
1744930371318 0.7498 43
1744930377422 0.70927 44
1744930383818 0.78055 45
1744930390104 0.72666 46
1744930396329 0.7534 47
1744930402537 0.75079 48
1744930408712 0.74643 49
1744930415062 0.75777 50
1744930421811 0.77883 51
1744930428140 0.79024 52
1744930434394 0.70591 53
1744930440451 0.73409 54
1744930446695 0.76886 55
1744930453035 0.76322 56
1744930459366 0.75885 57
1744930465561 0.80014 58
1744930471976 0.71159 59
1744930478034 0.71028 60
1744930484249 0.81613 61
1744930490335 0.82182 62
1744930496566 0.76042 63
1744930502944 0.77727 64
1744930509141 0.79275 65
1744930515248 0.81226 66
1744930521677 0.78277 67
1744930527846 0.80972 68
1744930533991 0.81819 69
1744930540110 0.81235 70
1744930546307 0.81212 71
1744930552393 0.77366 72
1744930558442 0.80635 73
1744930564656 0.80747 74
1744930570864 0.78685 75
1744930577240 0.77454 76
1744930583527 0.80591 77
1744930589668 0.77411 78
1744930596313 0.77956 79
1744930603842 0.83339 80
1744930610051 0.82938 81
1744930616304 0.82533 82
1744930622586 0.82128 83
1744930628982 0.83606 84
1744930635311 0.81727 85
1744930641558 0.84843 86
1744930647846 0.83254 87
1744930654207 0.81593 88
1744930660387 0.83728 89
1744930668563 0.83726 90
1744930674623 0.84572 91
1744930680621 0.83855 92
1744930686728 0.79777 93
1744930693342 0.81172 94
1744930699429 0.80347 95
1744930705460 0.81446 96
1744930711609 0.83435 97
1744930717835 0.79567 98
1744930723849 0.79836 99
1744930734088 0.8368145268970285 99
