1744930101832 0.12476 0
1744930108358 0.26575 1
1744930114699 0.0931 2
1744930121011 0.2717 3
1744930127215 0.30793 4
1744930133511 0.42897 5
1744930140099 0.40934 6
1744930146489 0.42222 7
1744930152692 0.4415 8
1744930159129 0.44951 9
1744930165281 0.44784 10
1744930171439 0.47613 11
1744930177642 0.53181 12
1744930183899 0.49351 13
1744930190150 0.48467 14
1744930196735 0.46262 15
1744930202955 0.5173 16
1744930209246 0.48902 17
1744930215409 0.52595 18
1744930221655 0.54534 19
1744930227830 0.51614 20
1744930234082 0.53738 21
1744930240307 0.54962 22
1744930246757 0.52958 23
1744930252957 0.53124 24
1744930259156 0.51726 25
1744930265299 0.53238 26
1744930271536 0.51828 27
1744930277700 0.53622 28
1744930283862 0.54729 29
1744930289916 0.54246 30
1744930296056 0.58185 31
1744930302240 0.54912 32
1744930308653 0.56564 33
1744930315035 0.55075 34
1744930321284 0.56209 35
1744930327484 0.56296 36
1744930333726 0.55451 37
1744930339902 0.55477 38
1744930346160 0.54088 39
1744930352363 0.5548 40
1744930358605 0.56624 41
1744930365106 0.58187 42
1744930371318 0.56267 43
1744930377422 0.58186 44
1744930383818 0.5626 45
1744930390104 0.56672 46
1744930396329 0.56881 47
1744930402537 0.58793 48
1744930408712 0.57943 49
1744930415062 0.57889 50
1744930421811 0.56317 51
1744930428140 0.5576 52
1744930434394 0.57822 53
1744930440451 0.59139 54
1744930446695 0.58229 55
1744930453035 0.59335 56
1744930459366 0.57693 57
1744930465561 0.56049 58
1744930471976 0.60331 59
1744930478034 0.59875 60
1744930484249 0.57651 61
1744930490335 0.59713 62
1744930496566 0.59664 63
1744930502944 0.58737 64
1744930509141 0.5948 65
1744930515248 0.58836 66
1744930521677 0.58339 67
1744930527846 0.57717 68
1744930533991 0.57692 69
1744930540110 0.56378 70
1744930546307 0.57645 71
1744930552393 0.56876 72
1744930558442 0.56897 73
1744930564656 0.58769 74
1744930570864 0.60627 75
1744930577240 0.61603 76
1744930583527 0.59847 77
1744930589668 0.5975 78
1744930596313 0.58781 79
1744930603842 0.59052 80
1744930610051 0.58649 81
1744930616304 0.59137 82
1744930622586 0.59338 83
1744930628982 0.57584 84
1744930635311 0.58405 85
1744930641558 0.57131 86
1744930647846 0.57839 87
1744930654207 0.59364 88
1744930660387 0.58188 89
1744930668563 0.57493 90
1744930674623 0.57022 91
1744930680621 0.57643 92
1744930686728 0.5974 93
1744930693342 0.58155 94
1744930699429 0.58333 95
1744930705460 0.57871 96
1744930711609 0.57553 97
1744930717835 0.5913 98
1744930723849 0.59255 99
1744930734088 0.5818758462401107 99
