1744928795821 1.53923 0
1744928802576 1.53519 1
1744928808937 1.59736 2
1744928815433 1.54397 3
1744928821494 1.50056 4
1744928827861 1.52921 5
1744928834378 1.47204 6
1744928843018 1.43347 7
1744928851479 1.43309 8
1744928857687 1.42822 9
1744928863811 1.40195 10
1744928870015 1.35681 11
1744928876283 1.37798 12
1744928882482 1.34046 13
1744928888674 1.30901 14
1744928895169 1.3341 15
1744928901354 1.32555 16
1744928907623 1.2864 17
1744928913692 1.27305 18
1744928919872 1.3007 19
1744928926257 1.26727 20
1744928932642 1.22313 21
1744928938928 1.21894 22
1744928945548 1.2362 23
1744928951666 1.20362 24
1744928957877 1.21214 25
1744928963999 1.21952 26
1744928970267 1.15873 27
1744928976367 1.22481 28
1744928982532 1.15449 29
1744928988608 1.18519 30
1744928995174 1.16887 31
1744929001400 1.18649 32
1744929007611 1.17864 33
1744929013705 1.15075 34
1744929019854 1.13712 35
1744929025998 1.08874 36
1744929032231 1.12219 37
1744929038444 1.11833 38
1744929044784 1.13112 39
1744929051213 1.10354 40
1744929057358 1.06765 41
1744929063573 1.09731 42
1744929069835 1.07833 43
1744929076065 1.04983 44
1744929082348 1.08282 45
1744929088562 1.06867 46
1744929094810 1.06596 47
1744929101265 1.05846 48
1744929107404 1.04427 49
1744929113573 1.02668 50
1744929119724 1.05348 51
1744929125859 1.03221 52
1744929131988 1.0175 53
1744929138278 1.03752 54
1744929144487 1.0243 55
1744929150609 0.98349 56
1744929157092 1.02057 57
1744929163249 1.01768 58
1744929169438 0.97854 59
1744929175711 0.9786 60
1744929181876 0.99621 61
1744929188122 0.98716 62
1744929194465 0.9888 63
1744929200577 0.96491 64
1744929207086 0.93628 65
1744929213229 0.96495 66
1744929219601 0.97094 67
1744929225674 0.94453 68
1744929231987 0.92894 69
1744929238146 0.95246 70
1744929244274 0.9302 71
1744929250477 0.9281 72
1744929256964 0.9396 73
1744929263158 0.92011 74
1744929269367 0.94585 75
1744929275524 0.9213 76
1744929281717 0.93202 77
1744929287792 0.88051 78
1744929293933 0.90204 79
1744929300041 0.88509 80
1744929306513 0.87577 81
1744929312790 0.88665 82
1744929319032 0.89959 83
1744929325228 0.88976 84
1744929331447 0.88922 85
1744929337516 0.8784 86
1744929343632 0.87807 87
1744929349743 0.88001 88
1744929355894 0.86054 89
1744929364005 0.91252 90
1744929370052 0.86739 91
1744929376017 0.84782 92
1744929382176 0.85708 93
1744929388139 0.82123 94
1744929394181 0.82112 95
1744929400136 0.81491 96
1744929406160 0.8179 97
1744929412104 0.81699 98
1744929418512 0.8268 99
