1744928795821 4.03597 0
1744928802576 3.37655 1
1744928808937 2.57955 2
1744928815433 2.21906 3
1744928821494 1.94882 4
1744928827861 1.91363 5
1744928834378 1.81391 6
1744928843018 1.69169 7
1744928851479 1.63235 8
1744928857687 1.63241 9
1744928863811 1.55995 10
1744928870015 1.49977 11
1744928876283 1.49411 12
1744928882482 1.38996 13
1744928888674 1.43364 14
1744928895169 1.3847 15
1744928901354 1.37187 16
1744928907623 1.32228 17
1744928913692 1.2807 18
1744928919872 1.29475 19
1744928926257 1.23494 20
1744928932642 1.22582 21
1744928938928 1.17579 22
1744928945548 1.21054 23
1744928951666 1.15008 24
1744928957877 1.14243 25
1744928963999 1.14818 26
1744928970267 1.09979 27
1744928976367 1.18769 28
1744928982532 1.06091 29
1744928988608 1.07844 30
1744928995174 1.04502 31
1744929001400 1.08037 32
1744929007611 1.04998 33
1744929013705 1.02141 34
1744929019854 1.02191 35
1744929025998 0.96432 36
1744929032231 1.00683 37
1744929038444 0.97506 38
1744929044784 0.99503 39
1744929051213 0.95358 40
1744929057358 0.94812 41
1744929063573 0.96121 42
1744929069835 0.90596 43
1744929076065 0.88609 44
1744929082348 0.94445 45
1744929088562 0.91738 46
1744929094810 0.92612 47
1744929101265 0.9061 48
1744929107404 0.88556 49
1744929113573 0.8599 50
1744929119724 0.86829 51
1744929125859 0.84955 52
1744929131988 0.84461 53
1744929138278 0.85681 54
1744929144487 0.86691 55
1744929150609 0.826 56
1744929157092 0.83624 57
1744929163249 0.81969 58
1744929169438 0.82532 59
1744929175711 0.79734 60
1744929181876 0.81637 61
1744929188122 0.79408 62
1744929194465 0.78542 63
1744929200577 0.77332 64
1744929207086 0.75694 65
1744929213229 0.779 66
1744929219601 0.7756 67
1744929225674 0.73718 68
1744929231987 0.74824 69
1744929238146 0.75939 70
1744929244274 0.74989 71
1744929250477 0.74601 72
1744929256964 0.76435 73
1744929263158 0.73989 74
1744929269367 0.76532 75
1744929275524 0.73137 76
1744929281717 0.71641 77
1744929287792 0.71987 78
1744929293933 0.70919 79
1744929300041 0.69301 80
1744929306513 0.67966 81
1744929312790 0.7018 82
1744929319032 0.71085 83
1744929325228 0.68517 84
1744929331447 0.70758 85
1744929337516 0.69566 86
1744929343632 0.68917 87
1744929349743 0.69131 88
1744929355894 0.69994 89
1744929364005 0.7541 90
1744929370052 0.68725 91
1744929376017 0.69896 92
1744929382176 0.679 93
1744929388139 0.64887 94
1744929394181 0.64824 95
1744929400136 0.64056 96
1744929406160 0.64737 97
1744929412104 0.65413 98
1744929418512 0.65704 99
