1744928795821 1.46219 0
1744928802576 1.43935 1
1744928808937 1.42427 2
1744928815433 1.4133 3
1744928821494 1.37172 4
1744928827861 1.38882 5
1744928834378 1.36843 6
1744928843018 1.35201 7
1744928851479 1.34018 8
1744928857687 1.32799 9
1744928863811 1.32446 10
1744928870015 1.29245 11
1744928876283 1.30109 12
1744928882482 1.28027 13
1744928888674 1.27476 14
1744928895169 1.26262 15
1744928901354 1.28167 16
1744928907623 1.26227 17
1744928913692 1.24311 18
1744928919872 1.25084 19
1744928926257 1.22699 20
1744928932642 1.222 21
1744928938928 1.2085 22
1744928945548 1.21354 23
1744928951666 1.21026 24
1744928957877 1.21472 25
1744928963999 1.19752 26
1744928970267 1.18119 27
1744928976367 1.20271 28
1744928982532 1.18271 29
1744928988608 1.19349 30
1744928995174 1.15911 31
1744929001400 1.19333 32
1744929007611 1.18701 33
1744929013705 1.14265 34
1744929019854 1.16404 35
1744929025998 1.14829 36
1744929032231 1.14285 37
1744929038444 1.15305 38
1744929044784 1.14469 39
1744929051213 1.13292 40
1744929057358 1.12763 41
1744929063573 1.14754 42
1744929069835 1.11195 43
1744929076065 1.10582 44
1744929082348 1.1311 45
1744929088562 1.11214 46
1744929094810 1.11682 47
1744929101265 1.11373 48
1744929107404 1.12119 49
1744929113573 1.1103 50
1744929119724 1.10243 51
1744929125859 1.09982 52
1744929131988 1.09995 53
1744929138278 1.10317 54
1744929144487 1.10939 55
1744929150609 1.09188 56
1744929157092 1.09167 57
1744929163249 1.08817 58
1744929169438 1.08646 59
1744929175711 1.08667 60
1744929181876 1.08107 61
1744929188122 1.08199 62
1744929194465 1.07077 63
1744929200577 1.06369 64
1744929207086 1.05217 65
1744929213229 1.07046 66
1744929219601 1.05375 67
1744929225674 1.05603 68
1744929231987 1.05561 69
1744929238146 1.06514 70
1744929244274 1.0434 71
1744929250477 1.0479 72
1744929256964 1.04479 73
1744929263158 1.0498 74
1744929269367 1.05961 75
1744929275524 1.04543 76
1744929281717 1.03711 77
1744929287792 1.02714 78
1744929293933 1.03825 79
1744929300041 1.02139 80
1744929306513 1.01971 81
1744929312790 1.04067 82
1744929319032 1.03587 83
1744929325228 1.02493 84
1744929331447 1.02713 85
1744929337516 1.03396 86
1744929343632 1.02268 87
1744929349743 1.0194 88
1744929355894 1.01125 89
1744929364005 1.04232 90
1744929370052 1.00377 91
1744929376017 0.99534 92
1744929382176 0.9821 93
1744929388139 0.99204 94
1744929394181 0.98215 95
1744929400136 0.98438 96
1744929406160 0.98878 97
1744929412104 0.99113 98
1744929418512 0.99037 99
