1744928149755 0.00019343 0
1744928156446 0.000389634053 1
1744928162871 0.0005818761259999999 2
1744928169450 0.0006471900999999999 3
1744928175785 0.0006405867999999999 4
1744928182019 0.0006339834999999999 5
1744928188363 0.0006273801999999999 6
1744928194757 0.0006207769 7
1744928200982 0.0006141736 8
1744928207186 0.0006075703 9
1744928213416 0.000600967 10
1744928219697 0.0005943637 11
1744928225904 0.0005877603999999999 12
1744928232413 0.0005811570999999999 13
1744928238829 0.0005745538 14
1744928245122 0.0005679505 15
1744928251342 0.0005613472 16
1744928257602 0.0005547439 17
1744928263718 0.0005481406 18
1744928269922 0.0005415373 19
1744928276104 0.000534934 20
1744928282633 0.0005283306999999999 21
1744928288945 0.0005217274 22
1744928295125 0.0005151241 23
1744928301216 0.0005085208 24
1744928307494 0.0005019174999999999 25
1744928313695 0.0004953142 26
1744928320085 0.0004887108999999999 27
1744928326227 0.00048210759999999994 28
1744928332391 0.00047550429999999996 29
1744928338944 0.0004689009999999999 30
1744928345244 0.00046229769999999994 31
1744928351360 0.0004556943999999999 32
1744928357552 0.0004490910999999999 33
1744928363718 0.0004424877999999999 34
1744928369872 0.00043588449999999994 35
1744928376001 0.0004292812 36
1744928382203 0.0004226779 37
1744928388386 0.0004160746 38
1744928394979 0.00040947129999999995 39
1744928401182 0.00040286799999999997 40
1744928407364 0.00039626470000000003 41
1744928413589 0.0003896614 42
1744928419740 0.0003830581 43
1744928425967 0.00037645479999999997 44
1744928432199 0.0003698515 45
1744928438362 0.0003632482 46
1744928444901 0.0003566449 47
1744928451145 0.0003500416 48
1744928457328 0.0003434383 49
1744928463433 0.00033683499999999996 50
1744928469634 0.00033023169999999997 51
1744928475816 0.00032362839999999993 52
1744928481975 0.0003170251 53
1744928488281 0.00031042179999999996 54
1744928494958 0.0003038184999999999 55
1744928501132 0.00029721519999999994 56
1744928507381 0.0002906119 57
1744928513426 0.0002840086 58
1744928519727 0.0002774053 59
1744928525766 0.000270802 60
1744928531944 0.00026419869999999996 61
1744928538082 0.0002575954 62
1744928544659 0.0002509921 63
1744928550761 0.0002443888 64
1744928556954 0.00023778549999999997 65
1744928563138 0.00023118219999999996 66
1744928569346 0.00022457889999999994 67
1744928575478 0.00021797559999999996 68
1744928581500 0.00021137230000000003 69
1744928587748 0.00020476900000000002 70
1744928594181 0.0001981657 71
1744928600288 0.0001915624 72
1744928606432 0.0001849591 73
1744928612629 0.0001783558 74
1744928618737 0.00017175249999999999 75
1744928624830 0.00016514919999999997 76
1744928630942 0.0001585459 77
1744928637123 0.00015194259999999998 78
1744928643571 0.00014533929999999997 79
1744928649773 0.00013873599999999995 80
1744928656002 0.00013213269999999994 81
1744928662140 0.00012552940000000004 82
1744928668403 0.00011892610000000001 83
1744928674486 0.00011232280000000003 84
1744928680632 0.00010571950000000002 85
1744928686694 9.91162e-05 86
1744928693147 9.25129e-05 87
1744928699294 8.59096e-05 88
1744928705548 7.930629999999998e-05 89
1744928713434 7.270299999999997e-05 90
1744928719712 6.609969999999997e-05 91
1744928725756 5.949639999999997e-05 92
1744928731792 5.2893099999999956e-05 93
1744928737857 4.6289800000000026e-05 94
1744928744264 3.968650000000003e-05 95
1744928750263 3.308320000000002e-05 96
1744928756342 2.6479900000000017e-05 97
1744928762525 1.9876600000000012e-05 98
1744928768702 1.3273300000000004e-05 99
