1745058341537 0.00019343 0
1745058348400 0.000389634053 1
1745058354740 0.0005818761259999999 2
1745058363021 0.0006471900999999999 3
1745058369333 0.0006405867999999999 4
1745058376942 0.0006339834999999999 5
1745058385333 0.0006273801999999999 6
1745058391528 0.0006207769 7
1745058397874 0.0006141736 8
1745058404463 0.0006075703 9
1745058411364 0.000600967 10
1745058417650 0.0005943637 11
1745058423908 0.0005877603999999999 12
1745058430496 0.0005811570999999999 13
1745058436628 0.0005745538 14
1745058442789 0.0005679505 15
1745058449017 0.0005613472 16
1745058455244 0.0005547439 17
1745058461475 0.0005481406 18
1745058467750 0.0005415373 19
1745058473971 0.000534934 20
1745058480145 0.0005283306999999999 21
1745058486602 0.0005217274 22
1745058492830 0.0005151241 23
1745058498944 0.0005085208 24
1745058505289 0.0005019174999999999 25
1745058511561 0.0004953142 26
1745058517962 0.0004887108999999999 27
1745058524020 0.00048210759999999994 28
1745058530165 0.00047550429999999996 29
1745058536344 0.0004689009999999999 30
1745058542816 0.00046229769999999994 31
1745058548948 0.0004556943999999999 32
1745058555303 0.0004490910999999999 33
1745058561706 0.0004424877999999999 34
1745058567847 0.00043588449999999994 35
1745058574325 0.0004292812 36
1745058580618 0.0004226779 37
1745058586801 0.0004160746 38
1745058597424 0.00040947129999999995 39
1745058604013 0.00040286799999999997 40
1745058611443 0.00039626470000000003 41
1745058619582 0.0003896614 42
1745058625708 0.0003830581 43
1745058631981 0.00037645479999999997 44
1745058638175 0.0003698515 45
1745058644338 0.0003632482 46
1745058650822 0.0003566449 47
1745058657024 0.0003500416 48
1745058663170 0.0003434383 49
1745058669381 0.00033683499999999996 50
1745058675638 0.00033023169999999997 51
1745058681839 0.00032362839999999993 52
1745058688063 0.0003170251 53
1745058694219 0.00031042179999999996 54
1745058700497 0.0003038184999999999 55
1745058706949 0.00029721519999999994 56
1745058713111 0.0002906119 57
1745058719132 0.0002840086 58
1745058725375 0.0002774053 59
1745058731571 0.000270802 60
1745058737867 0.00026419869999999996 61
1745058744072 0.0002575954 62
1745058750296 0.0002509921 63
1745058756748 0.0002443888 64
1745058762944 0.00023778549999999997 65
1745058769043 0.00023118219999999996 66
1745058775390 0.00022457889999999994 67
1745058781487 0.00021797559999999996 68
1745058787670 0.00021137230000000003 69
1745058793760 0.00020476900000000002 70
1745058800022 0.0001981657 71
1745058806182 0.0001915624 72
1745058812696 0.0001849591 73
1745058818949 0.0001783558 74
1745058825058 0.00017175249999999999 75
1745058831160 0.00016514919999999997 76
1745058837405 0.0001585459 77
1745058843534 0.00015194259999999998 78
1745058849761 0.00014533929999999997 79
1745058855980 0.00013873599999999995 80
1745058862512 0.00013213269999999994 81
1745058868659 0.00012552940000000004 82
1745058874843 0.00011892610000000001 83
1745058881069 0.00011232280000000003 84
1745058887279 0.00010571950000000002 85
1745058893337 9.91162e-05 86
1745058899521 9.25129e-05 87
1745058905697 8.59096e-05 88
1745058911990 7.930629999999998e-05 89
1745058920288 7.270299999999997e-05 90
1745058926469 6.609969999999997e-05 91
1745058932582 5.949639999999997e-05 92
1745058938613 5.2893099999999956e-05 93
1745058944636 4.6289800000000026e-05 94
1745058950720 3.968650000000003e-05 95
1745058956843 3.308320000000002e-05 96
1745058962846 2.6479900000000017e-05 97
1745058969208 1.9876600000000012e-05 98
1745058975348 1.3273300000000004e-05 99
