1745060295121 1.52861 0
1745060302019 1.55509 1
1745060310832 1.57148 2
1745060316913 1.57487 3
1745060323089 1.50189 4
1745060330240 1.49305 5
1745060338068 1.42561 6
1745060344142 1.47583 7
1745060350187 1.40012 8
1745060356313 1.40189 9
1745060362348 1.37224 10
1745060368842 1.37969 11
1745060375990 1.33621 12
1745060382588 1.32525 13
1745060388676 1.31186 14
1745060394760 1.29837 15
1745060400705 1.30554 16
1745060406744 1.24968 17
1745060412821 1.24546 18
1745060418919 1.22821 19
1745060425408 1.24795 20
1745060431509 1.21902 21
1745060437602 1.22677 22
1745060443685 1.20779 23
1745060449690 1.21972 24
1745060457460 1.19721 25
1745060463508 1.19569 26
1745060469630 1.14611 27
1745060475655 1.13864 28
1745060482009 1.16008 29
1745060488016 1.16874 30
1745060494355 1.18099 31
1745060500414 1.15908 32
1745060506443 1.15095 33
1745060512501 1.13316 34
1745060518642 1.13275 35
1745060524718 1.11131 36
1745060532571 1.1387 37
1745060538591 1.10697 38
1745060545981 1.10212 39
1745060551912 1.1008 40
1745060558041 1.09266 41
1745060564072 1.07496 42
1745060570294 1.07036 43
1745060576282 1.03923 44
1745060583113 1.09548 45
1745060589190 1.07259 46
1745060595269 1.05673 47
1745060601226 1.0273 48
1745060607229 0.99778 49
1745060613582 1.01859 50
1745060620188 1.01979 51
1745060626126 1.04416 52
1745060632115 0.99738 53
1745060638354 0.98851 54
1745060644384 0.99328 55
1745060650397 0.9946 56
1745060656960 1.00047 57
1745060662921 0.97821 58
1745060668943 0.96706 59
1745060674949 1.00232 60
1745060681012 0.94421 61
1745060687390 0.96541 62
1745060696378 0.96575 63
1745060702353 0.93851 64
1745060708367 0.93315 65
1745060715762 0.93697 66
1745060723114 0.95001 67
1745060731832 0.95552 68
1745060739887 0.89579 69
1745060748048 0.93308 70
1745060754095 0.92639 71
1745060760328 0.89383 72
1745060766430 0.91548 73
1745060772491 0.92114 74
1745060778528 0.91114 75
1745060784488 0.92688 76
1745060790443 0.89306 77
1745060798708 0.86313 78
1745060804739 0.88593 79
1745060811911 0.88151 80
1745060819700 0.88357 81
1745060825676 0.8878 82
1745060831782 0.8885 83
1745060837804 0.8699 84
1745060843816 0.88286 85
1745060850538 0.85084 86
1745060856843 0.87655 87
1745060862905 0.83743 88
1745060869275 0.88829 89
1745060877146 0.90745 90
1745060883123 0.86572 91
1745060889045 0.82789 92
1745060895015 0.83654 93
1745060900955 0.82286 94
1745060906840 0.81368 95
1745060913067 0.82685 96
1745060918972 0.88084 97
1745060924905 0.78479 98
1745060931204 0.80361 99
