1745060295121 4.0279 0
1745060302019 3.33925 1
1745060310832 2.55381 2
1745060316913 2.25683 3
1745060323089 2.00225 4
1745060330240 1.88908 5
1745060338068 1.7349 6
1745060344142 1.72371 7
1745060350187 1.58356 8
1745060356313 1.57002 9
1745060362348 1.51328 10
1745060368842 1.50848 11
1745060375990 1.44483 12
1745060382588 1.40399 13
1745060388676 1.3648 14
1745060394760 1.30646 15
1745060400705 1.31373 16
1745060406744 1.26177 17
1745060412821 1.25183 18
1745060418919 1.22558 19
1745060425408 1.18081 20
1745060431509 1.17379 21
1745060437602 1.18427 22
1745060443685 1.13881 23
1745060449690 1.16294 24
1745060457460 1.12164 25
1745060463508 1.11044 26
1745060469630 1.0724 27
1745060475655 1.08579 28
1745060482009 1.08309 29
1745060488016 1.06699 30
1745060494355 1.04438 31
1745060500414 1.06358 32
1745060506443 1.02958 33
1745060512501 0.99535 34
1745060518642 1.02516 35
1745060524718 0.96428 36
1745060532571 0.99792 37
1745060538591 0.97671 38
1745060545981 0.95693 39
1745060551912 0.94794 40
1745060558041 0.94427 41
1745060564072 0.9236 42
1745060570294 0.89647 43
1745060576282 0.86336 44
1745060583113 0.92083 45
1745060589190 0.88352 46
1745060595269 0.89785 47
1745060601226 0.85516 48
1745060607229 0.83656 49
1745060613582 0.85651 50
1745060620188 0.83806 51
1745060626126 0.84486 52
1745060632115 0.82083 53
1745060638354 0.811 54
1745060644384 0.82469 55
1745060650397 0.81363 56
1745060656960 0.80894 57
1745060662921 0.79298 58
1745060668943 0.80392 59
1745060674949 0.81933 60
1745060681012 0.76081 61
1745060687390 0.77729 62
1745060696378 0.7736 63
1745060702353 0.75726 64
1745060708367 0.73981 65
1745060715762 0.75254 66
1745060723114 0.74361 67
1745060731832 0.76103 68
1745060739887 0.72554 69
1745060748048 0.73563 70
1745060754095 0.72217 71
1745060760328 0.71318 72
1745060766430 0.71623 73
1745060772491 0.71896 74
1745060778528 0.73766 75
1745060784488 0.71442 76
1745060790443 0.71263 77
1745060798708 0.67708 78
1745060804739 0.70791 79
1745060811911 0.68894 80
1745060819700 0.68048 81
1745060825676 0.70507 82
1745060831782 0.68328 83
1745060837804 0.67713 84
1745060843816 0.67484 85
1745060850538 0.67844 86
1745060856843 0.68033 87
1745060862905 0.66882 88
1745060869275 0.67226 89
1745060877146 0.74123 90
1745060883123 0.69895 91
1745060889045 0.65175 92
1745060895015 0.65429 93
1745060900955 0.63792 94
1745060906840 0.62858 95
1745060913067 0.63078 96
1745060918972 0.74182 97
1745060924905 0.61289 98
1745060931204 0.62996 99
