1745060295121 1.47975 0
1745060302019 1.43598 1
1745060310832 1.41154 2
1745060316913 1.42169 3
1745060323089 1.40376 4
1745060330240 1.3793 5
1745060338068 1.3624 6
1745060344142 1.39094 7
1745060350187 1.31638 8
1745060356313 1.33527 9
1745060362348 1.31751 10
1745060368842 1.31034 11
1745060375990 1.29033 12
1745060382588 1.27618 13
1745060388676 1.27421 14
1745060394760 1.26009 15
1745060400705 1.25955 16
1745060406744 1.23482 17
1745060412821 1.2227 18
1745060418919 1.21945 19
1745060425408 1.20706 20
1745060431509 1.21572 21
1745060437602 1.21955 22
1745060443685 1.20925 23
1745060449690 1.21634 24
1745060457460 1.20349 25
1745060463508 1.18563 26
1745060469630 1.17707 27
1745060475655 1.18412 28
1745060482009 1.17716 29
1745060488016 1.17585 30
1745060494355 1.1748 31
1745060500414 1.17347 32
1745060506443 1.17598 33
1745060512501 1.14856 34
1745060518642 1.15916 35
1745060524718 1.1424 36
1745060532571 1.13226 37
1745060538591 1.13868 38
1745060545981 1.1383 39
1745060551912 1.13726 40
1745060558041 1.14044 41
1745060564072 1.12713 42
1745060570294 1.11607 43
1745060576282 1.09476 44
1745060583113 1.1294 45
1745060589190 1.11508 46
1745060595269 1.11829 47
1745060601226 1.09487 48
1745060607229 1.09254 49
1745060613582 1.09967 50
1745060620188 1.09301 51
1745060626126 1.10984 52
1745060632115 1.0864 53
1745060638354 1.07659 54
1745060644384 1.10013 55
1745060650397 1.09194 56
1745060656960 1.08076 57
1745060662921 1.0664 58
1745060668943 1.07494 59
1745060674949 1.09123 60
1745060681012 1.06637 61
1745060687390 1.08436 62
1745060696378 1.06159 63
1745060702353 1.05394 64
1745060708367 1.06721 65
1745060715762 1.06227 66
1745060723114 1.05415 67
1745060731832 1.06549 68
1745060739887 1.04963 69
1745060748048 1.04565 70
1745060754095 1.03689 71
1745060760328 1.03526 72
1745060766430 1.05282 73
1745060772491 1.04176 74
1745060778528 1.04895 75
1745060784488 1.03073 76
1745060790443 1.03837 77
1745060798708 1.0233 78
1745060804739 1.03769 79
1745060811911 1.02098 80
1745060819700 1.01949 81
1745060825676 1.03109 82
1745060831782 1.0222 83
1745060837804 1.02031 84
1745060843816 1.02209 85
1745060850538 1.02012 86
1745060856843 1.01929 87
1745060862905 1.0056 88
1745060869275 1.00597 89
1745060877146 1.03233 90
1745060883123 1.01009 91
1745060889045 1.00435 92
1745060895015 0.99345 93
1745060900955 0.98267 94
1745060906840 0.98681 95
1745060913067 0.98545 96
1745060918972 0.98973 97
1745060924905 0.95885 98
1745060931204 0.97119 99
