1744929445771 1.52861 0
1744929452322 1.55509 1
1744929458658 1.57148 2
1744929465142 1.57487 3
1744929471487 1.50189 4
1744929477854 1.49305 5
1744929485784 1.42561 6
1744929495319 1.47583 7
1744929501529 1.40012 8
1744929507904 1.40189 9
1744929514266 1.37224 10
1744929520649 1.37969 11
1744929526836 1.33621 12
1744929533081 1.32525 13
1744929539327 1.31186 14
1744929545810 1.29837 15
1744929552064 1.30554 16
1744929558423 1.24968 17
1744929564804 1.24546 18
1744929571097 1.22821 19
1744929577193 1.24795 20
1744929583338 1.21902 21
1744929589483 1.22677 22
1744929595751 1.20779 23
1744929602243 1.21972 24
1744929608451 1.19721 25
1744929614651 1.19569 26
1744929621074 1.14611 27
1744929627275 1.13864 28
1744929633640 1.16008 29
1744929639874 1.16874 30
1744929646398 1.18099 31
1744929652839 1.15908 32
1744929659102 1.15095 33
1744929665511 1.13316 34
1744929671850 1.13275 35
1744929678082 1.11131 36
1744929684479 1.1387 37
1744929690648 1.10697 38
1744929696908 1.10212 39
1744929703033 1.1008 40
1744929709572 1.09266 41
1744929715701 1.07496 42
1744929721966 1.07036 43
1744929728032 1.03923 44
1744929734233 1.09548 45
1744929740363 1.07259 46
1744929746625 1.05673 47
1744929752774 1.0273 48
1744929759208 0.99778 49
1744929765417 1.01859 50
1744929771840 1.01979 51
1744929778264 1.04416 52
1744929784468 0.99738 53
1744929790613 0.98851 54
1744929796724 0.99328 55
1744929802754 0.9946 56
1744929809507 1.00047 57
1744929815891 0.97821 58
1744929822075 0.96706 59
1744929828354 1.00232 60
1744929834575 0.94421 61
1744929840826 0.96541 62
1744929847128 0.96575 63
1744929853335 0.93851 64
1744929859916 0.93315 65
1744929866174 0.93697 66
1744929872397 0.95001 67
1744929878550 0.95552 68
1744929884720 0.89579 69
1744929890940 0.93308 70
1744929897279 0.92639 71
1744929903365 0.89383 72
1744929909562 0.91548 73
1744929915799 0.92114 74
1744929922258 0.91114 75
1744929928372 0.92688 76
1744929934593 0.89306 77
1744929940930 0.86313 78
1744929947012 0.88593 79
1744929953124 0.88151 80
1744929959328 0.88357 81
1744929965378 0.8878 82
1744929971532 0.8885 83
1744929977982 0.8699 84
1744929984340 0.88286 85
1744929990562 0.85084 86
1744929996744 0.87655 87
1744930003003 0.83743 88
1744930009167 0.88829 89
1744930017309 0.90745 90
1744930023496 0.86572 91
1744930029488 0.82789 92
1744930036038 0.83654 93
1744930042059 0.82286 94
1744930048203 0.81368 95
1744930054371 0.82685 96
1744930060528 0.88084 97
1744930066508 0.78479 98
1744930072584 0.80361 99
