1744929445771 4.0279 0
1744929452322 3.33925 1
1744929458658 2.55381 2
1744929465142 2.25683 3
1744929471487 2.00225 4
1744929477854 1.88908 5
1744929485784 1.7349 6
1744929495319 1.72371 7
1744929501529 1.58356 8
1744929507904 1.57002 9
1744929514266 1.51328 10
1744929520649 1.50848 11
1744929526836 1.44483 12
1744929533081 1.40399 13
1744929539327 1.3648 14
1744929545810 1.30646 15
1744929552064 1.31373 16
1744929558423 1.26177 17
1744929564804 1.25183 18
1744929571097 1.22558 19
1744929577193 1.18081 20
1744929583338 1.17379 21
1744929589483 1.18427 22
1744929595751 1.13881 23
1744929602243 1.16294 24
1744929608451 1.12164 25
1744929614651 1.11044 26
1744929621074 1.0724 27
1744929627275 1.08579 28
1744929633640 1.08309 29
1744929639874 1.06699 30
1744929646398 1.04438 31
1744929652839 1.06358 32
1744929659102 1.02958 33
1744929665511 0.99535 34
1744929671850 1.02516 35
1744929678082 0.96428 36
1744929684479 0.99792 37
1744929690648 0.97671 38
1744929696908 0.95693 39
1744929703033 0.94794 40
1744929709572 0.94427 41
1744929715701 0.9236 42
1744929721966 0.89647 43
1744929728032 0.86336 44
1744929734233 0.92083 45
1744929740363 0.88352 46
1744929746625 0.89785 47
1744929752774 0.85516 48
1744929759208 0.83656 49
1744929765417 0.85651 50
1744929771840 0.83806 51
1744929778264 0.84486 52
1744929784468 0.82083 53
1744929790613 0.811 54
1744929796724 0.82469 55
1744929802754 0.81363 56
1744929809507 0.80894 57
1744929815891 0.79298 58
1744929822075 0.80392 59
1744929828354 0.81933 60
1744929834575 0.76081 61
1744929840826 0.77729 62
1744929847128 0.7736 63
1744929853335 0.75726 64
1744929859916 0.73981 65
1744929866174 0.75254 66
1744929872397 0.74361 67
1744929878550 0.76103 68
1744929884720 0.72554 69
1744929890940 0.73563 70
1744929897279 0.72217 71
1744929903365 0.71318 72
1744929909562 0.71623 73
1744929915799 0.71896 74
1744929922258 0.73766 75
1744929928372 0.71442 76
1744929934593 0.71263 77
1744929940930 0.67708 78
1744929947012 0.70791 79
1744929953124 0.68894 80
1744929959328 0.68048 81
1744929965378 0.70507 82
1744929971532 0.68328 83
1744929977982 0.67713 84
1744929984340 0.67484 85
1744929990562 0.67844 86
1744929996744 0.68033 87
1744930003003 0.66882 88
1744930009167 0.67226 89
1744930017309 0.74123 90
1744930023496 0.69895 91
1744930029488 0.65175 92
1744930036038 0.65429 93
1744930042059 0.63792 94
1744930048203 0.62858 95
1744930054371 0.63078 96
1744930060528 0.74182 97
1744930066508 0.61289 98
1744930072584 0.62996 99
