1744929445771 1.47975 0
1744929452322 1.43598 1
1744929458658 1.41154 2
1744929465142 1.42169 3
1744929471487 1.40376 4
1744929477854 1.3793 5
1744929485784 1.3624 6
1744929495319 1.39094 7
1744929501529 1.31638 8
1744929507904 1.33527 9
1744929514266 1.31751 10
1744929520649 1.31034 11
1744929526836 1.29033 12
1744929533081 1.27618 13
1744929539327 1.27421 14
1744929545810 1.26009 15
1744929552064 1.25955 16
1744929558423 1.23482 17
1744929564804 1.2227 18
1744929571097 1.21945 19
1744929577193 1.20706 20
1744929583338 1.21572 21
1744929589483 1.21955 22
1744929595751 1.20925 23
1744929602243 1.21634 24
1744929608451 1.20349 25
1744929614651 1.18563 26
1744929621074 1.17707 27
1744929627275 1.18412 28
1744929633640 1.17716 29
1744929639874 1.17585 30
1744929646398 1.1748 31
1744929652839 1.17347 32
1744929659102 1.17598 33
1744929665511 1.14856 34
1744929671850 1.15916 35
1744929678082 1.1424 36
1744929684479 1.13226 37
1744929690648 1.13868 38
1744929696908 1.1383 39
1744929703033 1.13726 40
1744929709572 1.14044 41
1744929715701 1.12713 42
1744929721966 1.11607 43
1744929728032 1.09476 44
1744929734233 1.1294 45
1744929740363 1.11508 46
1744929746625 1.11829 47
1744929752774 1.09487 48
1744929759208 1.09254 49
1744929765417 1.09967 50
1744929771840 1.09301 51
1744929778264 1.10984 52
1744929784468 1.0864 53
1744929790613 1.07659 54
1744929796724 1.10013 55
1744929802754 1.09194 56
1744929809507 1.08076 57
1744929815891 1.0664 58
1744929822075 1.07494 59
1744929828354 1.09123 60
1744929834575 1.06637 61
1744929840826 1.08436 62
1744929847128 1.06159 63
1744929853335 1.05394 64
1744929859916 1.06721 65
1744929866174 1.06227 66
1744929872397 1.05415 67
1744929878550 1.06549 68
1744929884720 1.04963 69
1744929890940 1.04565 70
1744929897279 1.03689 71
1744929903365 1.03526 72
1744929909562 1.05282 73
1744929915799 1.04176 74
1744929922258 1.04895 75
1744929928372 1.03073 76
1744929934593 1.03837 77
1744929940930 1.0233 78
1744929947012 1.03769 79
1744929953124 1.02098 80
1744929959328 1.01949 81
1744929965378 1.03109 82
1744929971532 1.0222 83
1744929977982 1.02031 84
1744929984340 1.02209 85
1744929990562 1.02012 86
1744929996744 1.01929 87
1744930003003 1.0056 88
1744930009167 1.00597 89
1744930017309 1.03233 90
1744930023496 1.01009 91
1744930029488 1.00435 92
1744930036038 0.99345 93
1744930042059 0.98267 94
1744930048203 0.98681 95
1744930054371 0.98545 96
1744930060528 0.98973 97
1744930066508 0.95885 98
1744930072584 0.97119 99
