1745060973486 0.00019343 0
1745060979747 0.000389634053 1
1745060986195 0.0005818761259999999 2
1745060992379 0.0006471900999999999 3
1745060998456 0.0006405867999999999 4
1745061004579 0.0006339834999999999 5
1745061011850 0.0006273801999999999 6
1745061020744 0.0006207769 7
1745061027742 0.0006141736 8
1745061033804 0.0006075703 9
1745061039932 0.000600967 10
1745061045931 0.0005943637 11
1745061052222 0.0005877603999999999 12
1745061058269 0.0005811570999999999 13
1745061064344 0.0005745538 14
1745061070458 0.0005679505 15
1745061076424 0.0005613472 16
1745061082481 0.0005547439 17
1745061088472 0.0005481406 18
1745061094605 0.0005415373 19
1745061100975 0.000534934 20
1745061107013 0.0005283306999999999 21
1745061113025 0.0005217274 22
1745061119107 0.0005151241 23
1745061125139 0.0005085208 24
1745061131197 0.0005019174999999999 25
1745061137363 0.0004953142 26
1745061143497 0.0004887108999999999 27
1745061149500 0.00048210759999999994 28
1745061155855 0.00047550429999999996 29
1745061161812 0.0004689009999999999 30
1745061167810 0.00046229769999999994 31
1745061173780 0.0004556943999999999 32
1745061179749 0.0004490910999999999 33
1745061185760 0.0004424877999999999 34
1745061191822 0.00043588449999999994 35
1745061197771 0.0004292812 36
1745061204109 0.0004226779 37
1745061210097 0.0004160746 38
1745061216174 0.00040947129999999995 39
1745061222256 0.00040286799999999997 40
1745061228276 0.00039626470000000003 41
1745061234293 0.0003896614 42
1745061240359 0.0003830581 43
1745061246375 0.00037645479999999997 44
1745061252745 0.0003698515 45
1745061258740 0.0003632482 46
1745061264732 0.0003566449 47
1745061270722 0.0003500416 48
1745061276679 0.0003434383 49
1745061282671 0.00033683499999999996 50
1745061288727 0.00033023169999999997 51
1745061294835 0.00032362839999999993 52
1745061301269 0.0003170251 53
1745061307238 0.00031042179999999996 54
1745061313285 0.0003038184999999999 55
1745061319381 0.00029721519999999994 56
1745061325420 0.0002906119 57
1745061331370 0.0002840086 58
1745061337412 0.0002774053 59
1745061343331 0.000270802 60
1745061349670 0.00026419869999999996 61
1745061355612 0.0002575954 62
1745061361703 0.0002509921 63
1745061367710 0.0002443888 64
1745061373716 0.00023778549999999997 65
1745061379682 0.00023118219999999996 66
1745061385771 0.00022457889999999994 67
1745061391846 0.00021797559999999996 68
1745061398194 0.00021137230000000003 69
1745061404199 0.00020476900000000002 70
1745061410171 0.0001981657 71
1745061416195 0.0001915624 72
1745061422207 0.0001849591 73
1745061428219 0.0001783558 74
1745061434317 0.00017175249999999999 75
1745061440303 0.00016514919999999997 76
1745061446636 0.0001585459 77
1745061452630 0.00015194259999999998 78
1745061458731 0.00014533929999999997 79
1745061464737 0.00013873599999999995 80
1745061470761 0.00013213269999999994 81
1745061476746 0.00012552940000000004 82
1745061482750 0.00011892610000000001 83
1745061488720 0.00011232280000000003 84
1745061495069 0.00010571950000000002 85
1745061501090 9.91162e-05 86
1745061507112 9.25129e-05 87
1745061513076 8.59096e-05 88
1745061519084 7.930629999999998e-05 89
1745061526916 7.270299999999997e-05 90
1745061532901 6.609969999999997e-05 91
1745061538789 5.949639999999997e-05 92
1745061545102 5.2893099999999956e-05 93
1745061550998 4.6289800000000026e-05 94
1745061556859 3.968650000000003e-05 95
1745061562727 3.308320000000002e-05 96
1745061568597 2.6479900000000017e-05 97
1745061574455 1.9876600000000012e-05 98
1745061580283 1.3273300000000004e-05 99
