1745059655206 0.02449 0
1745059662945 0.07757 1
1745059670538 0.0973 2
1745059676636 0.16555 3
1745059682629 0.21969 4
1745059688706 0.21835 5
1745059694738 0.25292 6
1745059700798 0.22329 7
1745059706778 0.2498 8
1745059712750 0.27909 9
1745059719076 0.30382 10
1745059725153 0.31322 11
1745059731191 0.28441 12
1745059737306 0.31794 13
1745059743268 0.30729 14
1745059749281 0.31708 15
1745059755207 0.33305 16
1745059761314 0.3261 17
1745059767497 0.32806 18
1745059773507 0.31278 19
1745059779586 0.34208 20
1745059785634 0.33352 21
1745059791662 0.33213 22
1745059797679 0.32872 23
1745059803687 0.35419 24
1745059809758 0.32783 25
1745059817945 0.34764 26
1745059824334 0.34144 27
1745059830415 0.35667 28
1745059836428 0.34768 29
1745059842372 0.34442 30
1745059848390 0.35522 31
1745059854409 0.35871 32
1745059860548 0.34489 33
1745059866763 0.35107 34
1745059872948 0.35338 35
1745059879408 0.3569 36
1745059887116 0.35895 37
1745059893116 0.36786 38
1745059899191 0.36206 39
1745059905194 0.36292 40
1745059911219 0.36654 41
1745059917454 0.37197 42
1745059923490 0.36096 43
1745059929474 0.36845 44
1745059935561 0.36366 45
1745059941647 0.37079 46
1745059947662 0.35788 47
1745059953613 0.37531 48
1745059959708 0.36533 49
1745059965701 0.36861 50
1745059971652 0.37511 51
1745059977910 0.3756 52
1745059983908 0.38395 53
1745059989990 0.38326 54
1745059996071 0.38373 55
1745060002073 0.37985 56
1745060008113 0.38701 57
1745060014125 0.38015 58
1745060020100 0.38362 59
1745060026297 0.37947 60
1745060032335 0.38174 61
1745060038378 0.38847 62
1745060044468 0.38888 63
1745060050555 0.38303 64
1745060056520 0.3851 65
1745060062533 0.3943 66
1745060068583 0.38711 67
1745060074566 0.38697 68
1745060080825 0.39026 69
1745060086764 0.38696 70
1745060092732 0.3796 71
1745060098692 0.3829 72
1745060104714 0.39774 73
1745060110733 0.39107 74
1745060116701 0.39544 75
1745060122732 0.39493 76
1745060129036 0.39498 77
1745060135023 0.39845 78
1745060141152 0.39777 79
1745060147220 0.39951 80
1745060153202 0.39434 81
1745060159119 0.40134 82
1745060165148 0.40044 83
1745060171168 0.39915 84
1745060177194 0.39429 85
1745060183358 0.39136 86
1745060189330 0.39455 87
1745060195334 0.39768 88
1745060201428 0.40183 89
1745060209230 0.38711 90
1745060215177 0.38303 91
1745060221080 0.38541 92
1745060227020 0.38499 93
1745060232909 0.38801 94
1745060239279 0.39006 95
1745060245105 0.38765 96
1745060250964 0.39037 97
1745060256820 0.39202 98
1745060262726 0.39333 99
1745060269330 0.40158605578667306 99
