1745059655206 0.04068 0
1745059662945 0.1307 1
1745059670538 0.17765 2
1745059676636 0.30369 3
1745059682629 0.38702 4
1745059688706 0.41043 5
1745059694738 0.47289 6
1745059700798 0.42305 7
1745059706778 0.46211 8
1745059712750 0.50771 9
1745059719076 0.53117 10
1745059725153 0.55191 11
1745059731191 0.50996 12
1745059737306 0.54975 13
1745059743268 0.54997 14
1745059749281 0.56451 15
1745059755207 0.57565 16
1745059761314 0.58379 17
1745059767497 0.57238 18
1745059773507 0.55242 19
1745059779586 0.59944 20
1745059785634 0.58396 21
1745059791662 0.58608 22
1745059797679 0.58371 23
1745059803687 0.59936 24
1745059809758 0.57508 25
1745059817945 0.60763 26
1745059824334 0.58954 27
1745059830415 0.60434 28
1745059836428 0.60133 29
1745059842372 0.60998 30
1745059848390 0.61169 31
1745059854409 0.62136 32
1745059860548 0.59488 33
1745059866763 0.61205 34
1745059872948 0.60476 35
1745059879408 0.61721 36
1745059887116 0.61211 37
1745059893116 0.61871 38
1745059899191 0.61678 39
1745059905194 0.61505 40
1745059911219 0.62557 41
1745059917454 0.63013 42
1745059923490 0.60716 43
1745059929474 0.61825 44
1745059935561 0.61666 45
1745059941647 0.6253 46
1745059947662 0.61876 47
1745059953613 0.64216 48
1745059959708 0.6216 49
1745059965701 0.62591 50
1745059971652 0.63521 51
1745059977910 0.63515 52
1745059983908 0.63919 53
1745059989990 0.64135 54
1745059996071 0.64491 55
1745060002073 0.64833 56
1745060008113 0.64681 57
1745060014125 0.64701 58
1745060020100 0.64115 59
1745060026297 0.63758 60
1745060032335 0.63598 61
1745060038378 0.6415 62
1745060044468 0.64977 63
1745060050555 0.64607 64
1745060056520 0.64737 65
1745060062533 0.65502 66
1745060068583 0.64846 67
1745060074566 0.64511 68
1745060080825 0.65695 69
1745060086764 0.64272 70
1745060092732 0.63554 71
1745060098692 0.64684 72
1745060104714 0.65077 73
1745060110733 0.65487 74
1745060116701 0.64561 75
1745060122732 0.64141 76
1745060129036 0.65364 77
1745060135023 0.65067 78
1745060141152 0.65185 79
1745060147220 0.6533 80
1745060153202 0.65027 81
1745060159119 0.65764 82
1745060165148 0.65131 83
1745060171168 0.65014 84
1745060177194 0.64902 85
1745060183358 0.64638 86
1745060189330 0.64895 87
1745060195334 0.65359 88
1745060201428 0.65213 89
1745060209230 0.63018 90
1745060215177 0.63519 91
1745060221080 0.64313 92
1745060227020 0.64223 93
1745060232909 0.64408 94
1745060239279 0.64648 95
1745060245105 0.64246 96
1745060250964 0.63963 97
1745060256820 0.64104 98
1745060262726 0.64463 99
1745060269330 0.6578708276118636 99
