1745059655206 0.00981 0
1745059662945 0.01134 1
1745059670538 0.73604 2
1745059676636 0.65057 3
1745059682629 0.59632 4
1745059688706 0.60017 5
1745059694738 0.54636 6
1745059700798 0.47202 7
1745059706778 0.64567 8
1745059712750 0.65317 9
1745059719076 0.59068 10
1745059725153 0.68296 11
1745059731191 0.51675 12
1745059737306 0.70967 13
1745059743268 0.66091 14
1745059749281 0.69852 15
1745059755207 0.78043 16
1745059761314 0.74203 17
1745059767497 0.65515 18
1745059773507 0.67005 19
1745059779586 0.74883 20
1745059785634 0.67748 21
1745059791662 0.72522 22
1745059797679 0.6811 23
1745059803687 0.66837 24
1745059809758 0.78508 25
1745059817945 0.76236 26
1745059824334 0.71504 27
1745059830415 0.69364 28
1745059836428 0.69474 29
1745059842372 0.74967 30
1745059848390 0.73684 31
1745059854409 0.69995 32
1745059860548 0.70388 33
1745059866763 0.74667 34
1745059872948 0.72195 35
1745059879408 0.76345 36
1745059887116 0.70635 37
1745059893116 0.72107 38
1745059899191 0.76665 39
1745059905194 0.74401 40
1745059911219 0.75332 41
1745059917454 0.72809 42
1745059923490 0.69209 43
1745059929474 0.69841 44
1745059935561 0.73001 45
1745059941647 0.7775 46
1745059947662 0.82356 47
1745059953613 0.77109 48
1745059959708 0.80306 49
1745059965701 0.75756 50
1745059971652 0.7236 51
1745059977910 0.81344 52
1745059983908 0.78002 53
1745059989990 0.81427 54
1745059996071 0.79379 55
1745060002073 0.79753 56
1745060008113 0.77091 57
1745060014125 0.77552 58
1745060020100 0.79372 59
1745060026297 0.77262 60
1745060032335 0.80021 61
1745060038378 0.76531 62
1745060044468 0.75982 63
1745060050555 0.80129 64
1745060056520 0.82529 65
1745060062533 0.81822 66
1745060068583 0.79945 67
1745060074566 0.78218 68
1745060080825 0.798 69
1745060086764 0.83652 70
1745060092732 0.85146 71
1745060098692 0.82143 72
1745060104714 0.74222 73
1745060110733 0.76125 74
1745060116701 0.80383 75
1745060122732 0.82775 76
1745060129036 0.78318 77
1745060135023 0.7787 78
1745060141152 0.79911 79
1745060147220 0.83399 80
1745060153202 0.83727 81
1745060159119 0.82758 82
1745060165148 0.84243 83
1745060171168 0.83728 84
1745060177194 0.8102 85
1745060183358 0.81772 86
1745060189330 0.80074 87
1745060195334 0.82344 88
1745060201428 0.78917 89
1745060209230 0.79331 90
1745060215177 0.75767 91
1745060221080 0.79734 92
1745060227020 0.78242 93
1745060232909 0.82143 94
1745060239279 0.83708 95
1745060245105 0.83353 96
1745060250964 0.81444 97
1745060256820 0.82882 98
1745060262726 0.82618 99
1745060269330 0.8280936605087849 99
