1745059655206 0.13453 0
1745059662945 0.27052 1
1745059670538 0.14045 2
1745059676636 0.28999 3
1745059682629 0.36574 4
1745059688706 0.39868 5
1745059694738 0.43454 6
1745059700798 0.41844 7
1745059706778 0.37744 8
1745059712750 0.47305 9
1745059719076 0.52097 10
1745059725153 0.49691 11
1745059731191 0.46602 12
1745059737306 0.48034 13
1745059743268 0.53081 14
1745059749281 0.52764 15
1745059755207 0.51017 16
1745059761314 0.51816 17
1745059767497 0.54632 18
1745059773507 0.49995 19
1745059779586 0.54811 20
1745059785634 0.55832 21
1745059791662 0.53241 22
1745059797679 0.55892 23
1745059803687 0.58979 24
1745059809758 0.5148 25
1745059817945 0.5608 26
1745059824334 0.5606 27
1745059830415 0.58616 28
1745059836428 0.57291 29
1745059842372 0.56688 30
1745059848390 0.58385 31
1745059854409 0.60403 32
1745059860548 0.55372 33
1745059866763 0.55682 34
1745059872948 0.56711 35
1745059879408 0.56249 36
1745059887116 0.58044 37
1745059893116 0.57048 38
1745059899191 0.54194 39
1745059905194 0.56367 40
1745059911219 0.57658 41
1745059917454 0.57729 42
1745059923490 0.56763 43
1745059929474 0.59031 44
1745059935561 0.55972 45
1745059941647 0.56672 46
1745059947662 0.54042 47
1745059953613 0.59424 48
1745059959708 0.5725 49
1745059965701 0.5792 50
1745059971652 0.60765 51
1745059977910 0.57194 52
1745059983908 0.57543 53
1745059989990 0.58053 54
1745059996071 0.59611 55
1745060002073 0.58471 56
1745060008113 0.59259 57
1745060014125 0.59686 58
1745060020100 0.58939 59
1745060026297 0.59594 60
1745060032335 0.56502 61
1745060038378 0.58892 62
1745060044468 0.61064 63
1745060050555 0.59734 64
1745060056520 0.60212 65
1745060062533 0.59426 66
1745060068583 0.57693 67
1745060074566 0.59217 68
1745060080825 0.5964 69
1745060086764 0.57654 70
1745060092732 0.56044 71
1745060098692 0.57254 72
1745060104714 0.61184 73
1745060110733 0.60039 74
1745060116701 0.58614 75
1745060122732 0.5775 76
1745060129036 0.60866 77
1745060135023 0.61638 78
1745060141152 0.60556 79
1745060147220 0.60391 80
1745060153202 0.59616 81
1745060159119 0.60218 82
1745060165148 0.59545 83
1745060171168 0.58505 84
1745060177194 0.59755 85
1745060183358 0.59157 86
1745060189330 0.60144 87
1745060195334 0.59282 88
1745060201428 0.60817 89
1745060209230 0.58549 90
1745060215177 0.60662 91
1745060221080 0.58852 92
1745060227020 0.60172 93
1745060232909 0.58857 94
1745060239279 0.58758 95
1745060245105 0.57892 96
1745060250964 0.58703 97
1745060256820 0.58488 98
1745060262726 0.59375 99
1745060269330 0.6038294139249583 99
