1744928149755 1.55622 0
1744928156446 1.53951 1
1744928162871 1.56081 2
1744928169450 1.54971 3
1744928175785 1.50646 4
1744928182019 1.44986 5
1744928188363 1.46639 6
1744928194757 1.48126 7
1744928200982 1.46716 8
1744928207186 1.41457 9
1744928213416 1.40153 10
1744928219697 1.35552 11
1744928225904 1.36211 12
1744928232413 1.33032 13
1744928238829 1.26833 14
1744928245122 1.32652 15
1744928251342 1.32173 16
1744928257602 1.25476 17
1744928263718 1.27883 18
1744928269922 1.22736 19
1744928276104 1.24643 20
1744928282633 1.24628 21
1744928288945 1.24071 22
1744928295125 1.19781 23
1744928301216 1.18951 24
1744928307494 1.20429 25
1744928313695 1.17454 26
1744928320085 1.20788 27
1744928326227 1.17951 28
1744928332391 1.1762 29
1744928338944 1.18277 30
1744928345244 1.16318 31
1744928351360 1.17468 32
1744928357552 1.1219 33
1744928363718 1.13459 34
1744928369872 1.12211 35
1744928376001 1.1076 36
1744928382203 1.11667 37
1744928388386 1.12041 38
1744928394979 1.10673 39
1744928401182 1.12638 40
1744928407364 1.10557 41
1744928413589 1.06987 42
1744928419740 1.0757 43
1744928425967 1.0684 44
1744928432199 1.07284 45
1744928438362 1.06646 46
1744928444901 1.06189 47
1744928451145 1.04081 48
1744928457328 1.03088 49
1744928463433 1.04261 50
1744928469634 1.01296 51
1744928475816 1.00794 52
1744928481975 1.01943 53
1744928488281 1.02852 54
1744928494958 1.0175 55
1744928501132 1.00541 56
1744928507381 1.01688 57
1744928513426 0.97729 58
1744928519727 0.98173 59
1744928525766 0.99753 60
1744928531944 0.98724 61
1744928538082 0.97911 62
1744928544659 0.97564 63
1744928550761 0.97199 64
1744928556954 0.94567 65
1744928563138 0.91531 66
1744928569346 0.92112 67
1744928575478 0.95113 68
1744928581500 0.93225 69
1744928587748 0.93249 70
1744928594181 0.93457 71
1744928600288 0.88239 72
1744928606432 0.93871 73
1744928612629 0.91946 74
1744928618737 0.90608 75
1744928624830 0.90558 76
1744928630942 0.90598 77
1744928637123 0.89274 78
1744928643571 0.91022 79
1744928649773 0.89639 80
1744928656002 0.87533 81
1744928662140 0.87898 82
1744928668403 0.88978 83
1744928674486 0.8882 84
1744928680632 0.87197 85
1744928686694 0.86039 86
1744928693147 0.8893 87
1744928699294 0.84792 88
1744928705548 0.87028 89
1744928713434 0.9065 90
1744928719712 0.90002 91
1744928725756 0.84731 92
1744928731792 0.83595 93
1744928737857 0.84378 94
1744928744264 0.81673 95
1744928750263 0.82697 96
1744928756342 0.83995 97
1744928762525 0.79743 98
1744928768702 0.82285 99
