1744928149755 4.03519 0
1744928156446 3.37174 1
1744928162871 2.64634 2
1744928169450 2.21115 3
1744928175785 2.00692 4
1744928182019 1.8349 5
1744928188363 1.77583 6
1744928194757 1.72178 7
1744928200982 1.63338 8
1744928207186 1.5862 9
1744928213416 1.49442 10
1744928219697 1.46366 11
1744928225904 1.43771 12
1744928232413 1.39239 13
1744928238829 1.34515 14
1744928245122 1.3429 15
1744928251342 1.32191 16
1744928257602 1.27547 17
1744928263718 1.28924 18
1744928269922 1.24526 19
1744928276104 1.18684 20
1744928282633 1.20818 21
1744928288945 1.18848 22
1744928295125 1.17701 23
1744928301216 1.15131 24
1744928307494 1.13461 25
1744928313695 1.09924 26
1744928320085 1.09764 27
1744928326227 1.10848 28
1744928332391 1.10472 29
1744928338944 1.09049 30
1744928345244 1.0489 31
1744928351360 1.06523 32
1744928357552 1.01112 33
1744928363718 0.98876 34
1744928369872 1.00967 35
1744928376001 0.97529 36
1744928382203 0.98133 37
1744928388386 0.96427 38
1744928394979 0.95399 39
1744928401182 0.96195 40
1744928407364 0.96816 41
1744928413589 0.9333 42
1744928419740 0.93006 43
1744928425967 0.903 44
1744928432199 0.9137 45
1744928438362 0.89358 46
1744928444901 0.88896 47
1744928451145 0.85254 48
1744928457328 0.86057 49
1744928463433 0.85253 50
1744928469634 0.83347 51
1744928475816 0.83079 52
1744928481975 0.84707 53
1744928488281 0.8248 54
1744928494958 0.82824 55
1744928501132 0.82665 56
1744928507381 0.82423 57
1744928513426 0.81752 58
1744928519727 0.8008 59
1744928525766 0.8483 60
1744928531944 0.77996 61
1744928538082 0.79035 62
1744928544659 0.76856 63
1744928550761 0.76348 64
1744928556954 0.75527 65
1744928563138 0.73049 66
1744928569346 0.73596 67
1744928575478 0.73908 68
1744928581500 0.75576 69
1744928587748 0.73694 70
1744928594181 0.72939 71
1744928600288 0.70744 72
1744928606432 0.73873 73
1744928612629 0.73859 74
1744928618737 0.72079 75
1744928624830 0.7084 76
1744928630942 0.71566 77
1744928637123 0.70115 78
1744928643571 0.71322 79
1744928649773 0.69803 80
1744928656002 0.67823 81
1744928662140 0.68586 82
1744928668403 0.68124 83
1744928674486 0.68587 84
1744928680632 0.67824 85
1744928686694 0.67086 86
1744928693147 0.67955 87
1744928699294 0.66984 88
1744928705548 0.66136 89
1744928713434 0.73361 90
1744928719712 0.70519 91
1744928725756 0.66331 92
1744928731792 0.65432 93
1744928737857 0.65148 94
1744928744264 0.63239 95
1744928750263 0.63971 96
1744928756342 0.64844 97
1744928762525 0.62304 98
1744928768702 0.6402 99
