1744928149755 1.47252 0
1744928156446 1.4274 1
1744928162871 1.42184 2
1744928169450 1.42326 3
1744928175785 1.38467 4
1744928182019 1.36475 5
1744928188363 1.39234 6
1744928194757 1.37454 7
1744928200982 1.34373 8
1744928207186 1.33865 9
1744928213416 1.30752 10
1744928219697 1.28192 11
1744928225904 1.29338 12
1744928232413 1.26936 13
1744928238829 1.24991 14
1744928245122 1.263 15
1744928251342 1.27323 16
1744928257602 1.22929 17
1744928263718 1.22517 18
1744928269922 1.2209 19
1744928276104 1.22701 20
1744928282633 1.2184 21
1744928288945 1.20321 22
1744928295125 1.21026 23
1744928301216 1.20171 24
1744928307494 1.20634 25
1744928313695 1.19175 26
1744928320085 1.19343 27
1744928326227 1.18653 28
1744928332391 1.18106 29
1744928338944 1.19736 30
1744928345244 1.16553 31
1744928351360 1.18099 32
1744928357552 1.16324 33
1744928363718 1.152 34
1744928369872 1.1641 35
1744928376001 1.15084 36
1744928382203 1.133 37
1744928388386 1.15695 38
1744928394979 1.14664 39
1744928401182 1.12708 40
1744928407364 1.13979 41
1744928413589 1.13727 42
1744928419740 1.11823 43
1744928425967 1.09942 44
1744928432199 1.13093 45
1744928438362 1.10777 46
1744928444901 1.11759 47
1744928451145 1.09417 48
1744928457328 1.10987 49
1744928463433 1.10253 50
1744928469634 1.08568 51
1744928475816 1.09553 52
1744928481975 1.08247 53
1744928488281 1.08152 54
1744928494958 1.09996 55
1744928501132 1.10429 56
1744928507381 1.0916 57
1744928513426 1.08752 58
1744928519727 1.07767 59
1744928525766 1.08113 60
1744928531944 1.07024 61
1744928538082 1.08139 62
1744928544659 1.057 63
1744928550761 1.06766 64
1744928556954 1.06361 65
1744928563138 1.05202 66
1744928569346 1.04066 67
1744928575478 1.05692 68
1744928581500 1.05623 69
1744928587748 1.05192 70
1744928594181 1.03469 71
1744928600288 1.04293 72
1744928606432 1.04274 73
1744928612629 1.03951 74
1744928618737 1.04254 75
1744928624830 1.03253 76
1744928630942 1.04746 77
1744928637123 1.03107 78
1744928643571 1.03908 79
1744928649773 1.02903 80
1744928656002 1.01926 81
1744928662140 1.01591 82
1744928668403 1.02585 83
1744928674486 1.02533 84
1744928680632 1.02991 85
1744928686694 1.0224 86
1744928693147 1.01378 87
1744928699294 0.99634 88
1744928705548 0.99975 89
1744928713434 1.0256 90
1744928719712 1.0217 91
1744928725756 1.01184 92
1744928731792 0.99387 93
1744928737857 0.99216 94
1744928744264 0.97858 95
1744928750263 0.98446 96
1744928756342 0.99974 97
1744928762525 0.97173 98
1744928768702 0.98699 99
