1745059653934 1.53923 0
1745059660852 1.53519 1
1745059669406 1.59736 2
1745059675492 1.54397 3
1745059681481 1.50056 4
1745059687585 1.52921 5
1745059693609 1.47204 6
1745059699652 1.43347 7
1745059705698 1.43309 8
1745059711669 1.42822 9
1745059717635 1.40195 10
1745059723991 1.35681 11
1745059730073 1.37798 12
1745059736166 1.34046 13
1745059742152 1.30901 14
1745059748195 1.3341 15
1745059754124 1.32555 16
1745059760149 1.2864 17
1745059766186 1.27305 18
1745059772420 1.3007 19
1745059778475 1.26727 20
1745059784583 1.22313 21
1745059790593 1.21894 22
1745059796603 1.2362 23
1745059802549 1.20362 24
1745059808664 1.21214 25
1745059816710 1.21952 26
1745059823160 1.15873 27
1745059829228 1.22481 28
1745059835376 1.15449 29
1745059841327 1.18519 30
1745059847285 1.16887 31
1745059853285 1.18649 32
1745059859365 1.17864 33
1745059865456 1.15075 34
1745059871785 1.13712 35
1745059877829 1.08874 36
1745059886069 1.12219 37
1745059892018 1.11833 38
1745059898128 1.13112 39
1745059904152 1.10354 40
1745059910154 1.06765 41
1745059916086 1.09731 42
1745059922443 1.07833 43
1745059928405 1.04983 44
1745059934427 1.08282 45
1745059940555 1.06867 46
1745059946622 1.06596 47
1745059952551 1.05846 48
1745059958554 1.04427 49
1745059964608 1.02668 50
1745059970596 1.05348 51
1745059976837 1.03221 52
1745059982857 1.0175 53
1745059988859 1.03752 54
1745059994917 1.0243 55
1745060000924 0.98349 56
1745060007027 1.02057 57
1745060013058 1.01768 58
1745060019069 0.97854 59
1745060025006 0.9786 60
1745060031309 0.99621 61
1745060037273 0.98716 62
1745060043356 0.9888 63
1745060049375 0.96491 64
1745060055486 0.93628 65
1745060061393 0.96495 66
1745060067549 0.97094 67
1745060073504 0.94453 68
1745060079540 0.92894 69
1745060085736 0.95246 70
1745060091712 0.9302 71
1745060097660 0.9281 72
1745060103644 0.9396 73
1745060109647 0.92011 74
1745060115662 0.94585 75
1745060121589 0.9213 76
1745060127709 0.93202 77
1745060133915 0.88051 78
1745060139995 0.90204 79
1745060146135 0.88509 80
1745060152171 0.87577 81
1745060158053 0.88665 82
1745060164083 0.89959 83
1745060170097 0.88976 84
1745060176145 0.88922 85
1745060182074 0.8784 86
1745060188305 0.87807 87
1745060194278 0.88001 88
1745060200243 0.86054 89
1745060208077 0.91252 90
1745060214052 0.86739 91
1745060220036 0.84782 92
1745060225934 0.85708 93
1745060231787 0.82123 94
1745060237857 0.82112 95
1745060244082 0.81491 96
1745060249936 0.8179 97
1745060255777 0.81699 98
1745060261687 0.8268 99
