1745059653934 4.03597 0
1745059660852 3.37655 1
1745059669406 2.57955 2
1745059675492 2.21906 3
1745059681481 1.94882 4
1745059687585 1.91363 5
1745059693609 1.81391 6
1745059699652 1.69169 7
1745059705698 1.63235 8
1745059711669 1.63241 9
1745059717635 1.55995 10
1745059723991 1.49977 11
1745059730073 1.49411 12
1745059736166 1.38996 13
1745059742152 1.43364 14
1745059748195 1.3847 15
1745059754124 1.37187 16
1745059760149 1.32228 17
1745059766186 1.2807 18
1745059772420 1.29475 19
1745059778475 1.23494 20
1745059784583 1.22582 21
1745059790593 1.17579 22
1745059796603 1.21054 23
1745059802549 1.15008 24
1745059808664 1.14243 25
1745059816710 1.14818 26
1745059823160 1.09979 27
1745059829228 1.18769 28
1745059835376 1.06091 29
1745059841327 1.07844 30
1745059847285 1.04502 31
1745059853285 1.08037 32
1745059859365 1.04998 33
1745059865456 1.02141 34
1745059871785 1.02191 35
1745059877829 0.96432 36
1745059886069 1.00683 37
1745059892018 0.97506 38
1745059898128 0.99503 39
1745059904152 0.95358 40
1745059910154 0.94812 41
1745059916086 0.96121 42
1745059922443 0.90596 43
1745059928405 0.88609 44
1745059934427 0.94445 45
1745059940555 0.91738 46
1745059946622 0.92612 47
1745059952551 0.9061 48
1745059958554 0.88556 49
1745059964608 0.8599 50
1745059970596 0.86829 51
1745059976837 0.84955 52
1745059982857 0.84461 53
1745059988859 0.85681 54
1745059994917 0.86691 55
1745060000924 0.826 56
1745060007027 0.83624 57
1745060013058 0.81969 58
1745060019069 0.82532 59
1745060025006 0.79734 60
1745060031309 0.81637 61
1745060037273 0.79408 62
1745060043356 0.78542 63
1745060049375 0.77332 64
1745060055486 0.75694 65
1745060061393 0.779 66
1745060067549 0.7756 67
1745060073504 0.73718 68
1745060079540 0.74824 69
1745060085736 0.75939 70
1745060091712 0.74989 71
1745060097660 0.74601 72
1745060103644 0.76435 73
1745060109647 0.73989 74
1745060115662 0.76532 75
1745060121589 0.73137 76
1745060127709 0.71641 77
1745060133915 0.71987 78
1745060139995 0.70919 79
1745060146135 0.69301 80
1745060152171 0.67966 81
1745060158053 0.7018 82
1745060164083 0.71085 83
1745060170097 0.68517 84
1745060176145 0.70758 85
1745060182074 0.69566 86
1745060188305 0.68917 87
1745060194278 0.69131 88
1745060200243 0.69994 89
1745060208077 0.7541 90
1745060214052 0.68725 91
1745060220036 0.69896 92
1745060225934 0.679 93
1745060231787 0.64887 94
1745060237857 0.64824 95
1745060244082 0.64056 96
1745060249936 0.64737 97
1745060255777 0.65413 98
1745060261687 0.65704 99
