1745059653934 1.46219 0
1745059660852 1.43935 1
1745059669406 1.42427 2
1745059675492 1.4133 3
1745059681481 1.37172 4
1745059687585 1.38882 5
1745059693609 1.36843 6
1745059699652 1.35201 7
1745059705698 1.34018 8
1745059711669 1.32799 9
1745059717635 1.32446 10
1745059723991 1.29245 11
1745059730073 1.30109 12
1745059736166 1.28027 13
1745059742152 1.27476 14
1745059748195 1.26262 15
1745059754124 1.28167 16
1745059760149 1.26227 17
1745059766186 1.24311 18
1745059772420 1.25084 19
1745059778475 1.22699 20
1745059784583 1.222 21
1745059790593 1.2085 22
1745059796603 1.21354 23
1745059802549 1.21026 24
1745059808664 1.21472 25
1745059816710 1.19752 26
1745059823160 1.18119 27
1745059829228 1.20271 28
1745059835376 1.18271 29
1745059841327 1.19349 30
1745059847285 1.15911 31
1745059853285 1.19333 32
1745059859365 1.18701 33
1745059865456 1.14265 34
1745059871785 1.16404 35
1745059877829 1.14829 36
1745059886069 1.14285 37
1745059892018 1.15305 38
1745059898128 1.14469 39
1745059904152 1.13292 40
1745059910154 1.12763 41
1745059916086 1.14754 42
1745059922443 1.11195 43
1745059928405 1.10582 44
1745059934427 1.1311 45
1745059940555 1.11214 46
1745059946622 1.11682 47
1745059952551 1.11373 48
1745059958554 1.12119 49
1745059964608 1.1103 50
1745059970596 1.10243 51
1745059976837 1.09982 52
1745059982857 1.09995 53
1745059988859 1.10317 54
1745059994917 1.10939 55
1745060000924 1.09188 56
1745060007027 1.09167 57
1745060013058 1.08817 58
1745060019069 1.08646 59
1745060025006 1.08667 60
1745060031309 1.08107 61
1745060037273 1.08199 62
1745060043356 1.07077 63
1745060049375 1.06369 64
1745060055486 1.05217 65
1745060061393 1.07046 66
1745060067549 1.05375 67
1745060073504 1.05603 68
1745060079540 1.05561 69
1745060085736 1.06514 70
1745060091712 1.0434 71
1745060097660 1.0479 72
1745060103644 1.04479 73
1745060109647 1.0498 74
1745060115662 1.05961 75
1745060121589 1.04543 76
1745060127709 1.03711 77
1745060133915 1.02714 78
1745060139995 1.03825 79
1745060146135 1.02139 80
1745060152171 1.01971 81
1745060158053 1.04067 82
1745060164083 1.03587 83
1745060170097 1.02493 84
1745060176145 1.02713 85
1745060182074 1.03396 86
1745060188305 1.02268 87
1745060194278 1.0194 88
1745060200243 1.01125 89
1745060208077 1.04232 90
1745060214052 1.00377 91
1745060220036 0.99534 92
1745060225934 0.9821 93
1745060231787 0.99204 94
1745060237857 0.98215 95
1745060244082 0.98438 96
1745060249936 0.98878 97
1745060255777 0.99113 98
1745060261687 0.99037 99
