1745059653934 0.00019343 0
1745059660852 0.000389634053 1
1745059669406 0.0005818761259999999 2
1745059675492 0.0006471900999999999 3
1745059681481 0.0006405867999999999 4
1745059687585 0.0006339834999999999 5
1745059693609 0.0006273801999999999 6
1745059699652 0.0006207769 7
1745059705698 0.0006141736 8
1745059711669 0.0006075703 9
1745059717635 0.000600967 10
1745059723991 0.0005943637 11
1745059730073 0.0005877603999999999 12
1745059736166 0.0005811570999999999 13
1745059742152 0.0005745538 14
1745059748195 0.0005679505 15
1745059754124 0.0005613472 16
1745059760149 0.0005547439 17
1745059766186 0.0005481406 18
1745059772420 0.0005415373 19
1745059778475 0.000534934 20
1745059784583 0.0005283306999999999 21
1745059790593 0.0005217274 22
1745059796603 0.0005151241 23
1745059802549 0.0005085208 24
1745059808664 0.0005019174999999999 25
1745059816710 0.0004953142 26
1745059823160 0.0004887108999999999 27
1745059829228 0.00048210759999999994 28
1745059835376 0.00047550429999999996 29
1745059841327 0.0004689009999999999 30
1745059847285 0.00046229769999999994 31
1745059853285 0.0004556943999999999 32
1745059859365 0.0004490910999999999 33
1745059865456 0.0004424877999999999 34
1745059871785 0.00043588449999999994 35
1745059877829 0.0004292812 36
1745059886069 0.0004226779 37
1745059892018 0.0004160746 38
1745059898128 0.00040947129999999995 39
1745059904152 0.00040286799999999997 40
1745059910154 0.00039626470000000003 41
1745059916086 0.0003896614 42
1745059922443 0.0003830581 43
1745059928405 0.00037645479999999997 44
1745059934427 0.0003698515 45
1745059940555 0.0003632482 46
1745059946622 0.0003566449 47
1745059952551 0.0003500416 48
1745059958554 0.0003434383 49
1745059964608 0.00033683499999999996 50
1745059970596 0.00033023169999999997 51
1745059976837 0.00032362839999999993 52
1745059982857 0.0003170251 53
1745059988859 0.00031042179999999996 54
1745059994917 0.0003038184999999999 55
1745060000924 0.00029721519999999994 56
1745060007027 0.0002906119 57
1745060013058 0.0002840086 58
1745060019069 0.0002774053 59
1745060025006 0.000270802 60
1745060031309 0.00026419869999999996 61
1745060037273 0.0002575954 62
1745060043356 0.0002509921 63
1745060049375 0.0002443888 64
1745060055486 0.00023778549999999997 65
1745060061393 0.00023118219999999996 66
1745060067549 0.00022457889999999994 67
1745060073504 0.00021797559999999996 68
1745060079540 0.00021137230000000003 69
1745060085736 0.00020476900000000002 70
1745060091712 0.0001981657 71
1745060097660 0.0001915624 72
1745060103644 0.0001849591 73
1745060109647 0.0001783558 74
1745060115662 0.00017175249999999999 75
1745060121589 0.00016514919999999997 76
1745060127709 0.0001585459 77
1745060133915 0.00015194259999999998 78
1745060139995 0.00014533929999999997 79
1745060146135 0.00013873599999999995 80
1745060152171 0.00013213269999999994 81
1745060158053 0.00012552940000000004 82
1745060164083 0.00011892610000000001 83
1745060170097 0.00011232280000000003 84
1745060176145 0.00010571950000000002 85
1745060182074 9.91162e-05 86
1745060188305 9.25129e-05 87
1745060194278 8.59096e-05 88
1745060200243 7.930629999999998e-05 89
1745060208077 7.270299999999997e-05 90
1745060214052 6.609969999999997e-05 91
1745060220036 5.949639999999997e-05 92
1745060225934 5.2893099999999956e-05 93
1745060231787 4.6289800000000026e-05 94
1745060237857 3.968650000000003e-05 95
1745060244082 3.308320000000002e-05 96
1745060249936 2.6479900000000017e-05 97
1745060255777 1.9876600000000012e-05 98
1745060261687 1.3273300000000004e-05 99
