6 0.06375 0.142984375 0.105671875 0.102546875
5 0.47710937500000006 0.21692187500000001 0.094515625 0.07534375
4 0.387765625 0.7233906250000001 0.076328125 0.081140625
5 0.06867187500000001 0.238546875 0.08442187500000001 0.05853125
4 0.158484375 0.6908125 0.073109375 0.10646875
6 0.30303125 0.168875 0.109375 0.10909374999999999
6 0.47906250000000006 0.08920312500000001 0.18778125 0.1538125
4 0.277078125 0.725515625 0.102296875 0.15948437499999998
6 0.694125 0.08815625 0.19809375 0.17459375
5 0.278875 0.260359375 0.06259375 0.064296875
9 0.517671875 0.52228125 0.299234375 0.9554375