9 0.47140624999999997 0.7519218750000001 0.06859375 0.40800000000000003
9 0.9398125 0.7413125 0.06809375 0.34684375
9 0.37915625 0.746921875 0.07096875 0.40345312499999997
9 0.5567031250000001 0.7564375 0.07134375 0.40337500000000004
9 0.64109375 0.7551875 0.07809374999999999 0.413203125
6 0.159765625 0.5546562500000001 0.03471875 0.028234375
9 0.8730625 0.742171875 0.05659375 0.326421875
9 0.298484375 0.7301249999999999 0.06589062500000001 0.41034375
6 0.23179687499999999 0.54928125 0.030734375 0.028734375
5 0.61984375 0.149796875 0.044171875 0.027968749999999997
6 0.936171875 0.571890625 0.033859375000000004 0.02978125
9 0.811875 0.745390625 0.063765625 0.35075
6 0.8664687499999999 0.55796875 0.032015625 0.025937500000000002
6 0.085578125 0.566578125 0.03053125 0.030640624999999998
9 0.1545625 0.7405781250000001 0.070390625 0.415828125
6 0.303890625 0.55121875 0.033421875000000004 0.0283125
6 0.3895 0.55440625 0.038609375 0.0251875
6 0.618671875 0.10037499999999999 0.07418749999999999 0.0670625
6 0.54696875 0.555265625 0.0306875 0.022468750000000003
9 0.080984375 0.744859375 0.05921875 0.41726562500000003
4 0.46781249999999996 0.35368750000000004 0.062281249999999996 0.070203125
6 0.463109375 0.5722031249999999 0.03159375 0.028203125000000002
6 0.730453125 0.564984375 0.030953124999999998 0.034203125
6 0.810296875 0.580078125 0.030140624999999997 0.03396875
4 0.5017343750000001 0.5213125 0.025031249999999998 0.03821875
6 0.755109375 0.5959218749999999 0.02690625 0.0195
6 0.3824375 0.56484375 0.02790625 0.033375
6 0.8653281249999999 0.56790625 0.027015624999999998 0.033937499999999995