6 0.33976562499999996 0.1655625 0.081140625 0.071484375
6 0.49887499999999996 0.16804687499999998 0.150296875 0.121125
4 0.35671875000000003 0.5416875 0.093515625 0.175125
6 0.12606250000000002 0.158359375 0.08256250000000001 0.06553125
5 0.13284374999999998 0.20910937500000001 0.054531249999999996 0.02865625
4 0.7454375 0.502984375 0.08365625 0.090578125
5 0.80603125 0.26501562500000003 0.052968749999999995 0.03103125
6 0.806640625 0.2131875 0.0879375 0.06146875
6 0.629875 0.17621875 0.100546875 0.09071875
4 0.6305156249999999 0.505015625 0.096875 0.159296875
4 0.07621875 0.3381875 0.0521875 0.093984375
5 0.5013124999999999 0.27615625 0.134234375 0.057609375
4 0.937546875 0.58153125 0.049671875 0.074375
4 0.188 0.361671875 0.054156249999999996 0.07246875
9 0.8293125 0.52625 0.24096875 0.831796875
5 0.629265625 0.244828125 0.077796875 0.035312500000000004
9 0.16789062500000002 0.530109375 0.274296875 0.9144062500000001
9 0.47635937500000003 0.5338437500000001 0.357734375 0.84221875
5 0.34121875 0.22345312499999997 0.056406250000000005 0.0305625