9 0.137984375 0.5813906249999999 0.214015625 0.6910624999999999
4 0.4925625 0.58278125 0.093703125 0.10021875
9 0.312921875 0.574453125 0.1909375 0.676203125
6 0.31003125 0.23328125000000002 0.089640625 0.059046875
6 0.535921875 0.136453125 0.108359375 0.08775
5 0.812484375 0.234765625 0.0705625 0.035078125
9 0.539484375 0.528359375 0.25775000000000003 0.7935156250000001
5 0.531953125 0.212640625 0.074953125 0.037015625
6 0.151828125 0.226265625 0.093 0.06690625
9 0.84453125 0.52175 0.27815625 0.8195937499999999
5 0.158703125 0.278671875 0.068484375 0.032953125
6 0.816609375 0.18226562500000001 0.10090625 0.07675
4 0.24107812499999998 0.5222187500000001 0.051531249999999994 0.058562499999999997
5 0.31228125 0.282953125 0.059750000000000004 0.03003125
5 0.310859375 0.267828125 0.077046875 0.05321875