10 0.5307421875 0.46147222222222223 0.08785937499999999 0.23644444444444446
10 0.3314765625 0.43825000000000003 0.056523437499999996 0.15427777777777776
0 0.3355859375 0.4575694444444444 0.025671875 0.036166666666666666
0 0.3357109375 0.22577777777777777 0.0091875 0.024875
0 0.49839062500000003 0.12330555555555556 0.020921875 0.036819444444444446
0 0.532078125 0.13109722222222223 0.023570312500000003 0.059819444444444446
7 0.5315624999999999 0.32398611111111114 0.027000000000000003 0.03880555555555556
7 0.32321093749999996 0.3350138888888889 0.0065078125 0.023194444444444445
2 0.33723437500000003 0.30295833333333333 0.0412421875 0.06027777777777778
2 0.5271250000000001 0.26080555555555557 0.037093749999999995 0.05136111111111111
9 0.5195859375 0.5280416666666666 0.10640625 0.8523750000000001
9 0.33790624999999996 0.5112916666666667 0.0633515625 0.5989861111111111