1744929447084 0.03754 0
1744929453638 0.10635 1
1744929460051 0.15438 2
1744929466534 0.29625 3
1744929472810 0.37541 4
1744929479149 0.37908 5
1744929488632 0.44663 6
1744929496570 0.47117 7
1744929502848 0.46507 8
1744929509185 0.52726 9
1744929515560 0.52971 10
1744929521851 0.56899 11
1744929528040 0.56919 12
1744929534365 0.59984 13
1744929540499 0.58982 14
1744929547075 0.5797 15
1744929553334 0.58878 16
1744929559797 0.61204 17
1744929566041 0.58687 18
1744929572205 0.61142 19
1744929578292 0.59397 20
1744929584511 0.62055 21
1744929590698 0.61496 22
1744929597251 0.60255 23
1744929603402 0.59742 24
1744929609675 0.602 25
1744929615987 0.6365 26
1744929622323 0.64881 27
1744929628513 0.63384 28
1744929634886 0.61767 29
1744929641198 0.63571 30
1744929647543 0.64894 31
1744929653985 0.62022 32
1744929660422 0.63014 33
1744929666743 0.64038 34
1744929673067 0.61967 35
1744929679364 0.6572 36
1744929685614 0.64374 37
1744929691787 0.63315 38
1744929698044 0.64166 39
1744929704573 0.64256 40
1744929710713 0.65477 41
1744929716858 0.66101 42
1744929723081 0.66581 43
1744929729177 0.67133 44
1744929735346 0.67522 45
1744929741550 0.67066 46
1744929747851 0.66392 47
1744929754165 0.65892 48
1744929760319 0.65685 49
1744929766727 0.6675 50
1744929773245 0.67414 51
1744929779396 0.67865 52
1744929785608 0.67678 53
1744929791726 0.68266 54
1744929797801 0.68147 55
1744929804104 0.68356 56
1744929810778 0.6872 57
1744929817008 0.68567 58
1744929823373 0.6803 59
1744929829555 0.67929 60
1744929835862 0.67352 61
1744929842070 0.67036 62
1744929848324 0.67511 63
1744929854813 0.68381 64
1744929861142 0.67504 65
1744929867302 0.67183 66
1744929873586 0.66796 67
1744929879652 0.66093 68
1744929885929 0.67712 69
1744929892211 0.66884 70
1744929898410 0.66869 71
1744929904504 0.67898 72
1744929910744 0.67592 73
1744929917184 0.6801 74
1744929923368 0.68155 75
1744929929556 0.68576 76
1744929935911 0.68664 77
1744929942035 0.6863 78
1744929948120 0.68946 79
1744929954264 0.68468 80
1744929960452 0.68792 81
1744929966476 0.69106 82
1744929972959 0.69481 83
1744929979264 0.68987 84
1744929985604 0.68926 85
1744929991679 0.69158 86
1744929998007 0.6858 87
1744930004107 0.68774 88
1744930010388 0.68802 89
1744930018464 0.68378 90
1744930024619 0.68191 91
1744930031041 0.68826 92
1744930037130 0.68843 93
1744930043228 0.68514 94
1744930049431 0.68426 95
1744930055578 0.68662 96
1744930061637 0.6861 97
1744930067657 0.68739 98
1744930073782 0.68651 99
1744930080971 0.6948974249650117 99
