1744929447084 0.02392 0
1744929453638 0.06144 1
1744929460051 0.07776 2
1744929466534 0.15158 3
1744929472810 0.18792 4
1744929479149 0.19755 5
1744929488632 0.23001 6
1744929496570 0.23985 7
1744929502848 0.23435 8
1744929509185 0.28178 9
1744929515560 0.27469 10
1744929521851 0.30445 11
1744929528040 0.3063 12
1744929534365 0.3227 13
1744929540499 0.32764 14
1744929547075 0.31856 15
1744929553334 0.32325 16
1744929559797 0.33404 17
1744929566041 0.31677 18
1744929572205 0.33655 19
1744929578292 0.32565 20
1744929584511 0.34198 21
1744929590698 0.3328 22
1744929597251 0.34004 23
1744929603402 0.33449 24
1744929609675 0.34606 25
1744929615987 0.35612 26
1744929622323 0.36564 27
1744929628513 0.35493 28
1744929634886 0.33883 29
1744929641198 0.35713 30
1744929647543 0.36494 31
1744929653985 0.34908 32
1744929660422 0.36164 33
1744929666743 0.36334 34
1744929673067 0.3499 35
1744929679364 0.36058 36
1744929685614 0.36473 37
1744929691787 0.35039 38
1744929698044 0.36678 39
1744929704573 0.37079 40
1744929710713 0.3794 41
1744929716858 0.38342 42
1744929723081 0.37866 43
1744929729177 0.37514 44
1744929735346 0.37633 45
1744929741550 0.37264 46
1744929747851 0.3737 47
1744929754165 0.37828 48
1744929760319 0.37909 49
1744929766727 0.38095 50
1744929773245 0.37867 51
1744929779396 0.38692 52
1744929785608 0.40058 53
1744929791726 0.3949 54
1744929797801 0.38588 55
1744929804104 0.38103 56
1744929810778 0.39369 57
1744929817008 0.38537 58
1744929823373 0.39267 59
1744929829555 0.38427 60
1744929835862 0.38734 61
1744929842070 0.38306 62
1744929848324 0.38781 63
1744929854813 0.39134 64
1744929861142 0.38469 65
1744929867302 0.39221 66
1744929873586 0.38824 67
1744929879652 0.38008 68
1744929885929 0.37986 69
1744929892211 0.38408 70
1744929898410 0.38724 71
1744929904504 0.38717 72
1744929910744 0.38261 73
1744929917184 0.39399 74
1744929923368 0.39546 75
1744929929556 0.39904 76
1744929935911 0.40179 77
1744929942035 0.39877 78
1744929948120 0.39622 79
1744929954264 0.39737 80
1744929960452 0.40221 81
1744929966476 0.40035 82
1744929972959 0.40509 83
1744929979264 0.40171 84
1744929985604 0.40214 85
1744929991679 0.40527 86
1744929998007 0.40153 87
1744930004107 0.39566 88
1744930010388 0.40031 89
1744930018464 0.3916 90
1744930024619 0.39224 91
1744930031041 0.39336 92
1744930037130 0.3934 93
1744930043228 0.39228 94
1744930049431 0.39601 95
1744930055578 0.39429 96
1744930061637 0.39583 97
1744930067657 0.39651 98
1744930073782 0.39538 99
1744930080971 0.40438734145919153 99
