1744929447084 0.00895 0
1744929453638 0.01183 1
1744929460051 0.75949 2
1744929466534 0.72786 3
1744929472810 0.47995 4
1744929479149 0.5962 5
1744929488632 0.55314 6
1744929496570 0.54809 7
1744929502848 0.56364 8
1744929509185 0.58017 9
1744929515560 0.688 10
1744929521851 0.71589 11
1744929528040 0.66417 12
1744929534365 0.80036 13
1744929540499 0.72628 14
1744929547075 0.79707 15
1744929553334 0.7703 16
1744929559797 0.68196 17
1744929566041 0.64143 18
1744929572205 0.68222 19
1744929578292 0.67722 20
1744929584511 0.7049 21
1744929590698 0.74757 22
1744929597251 0.7389 23
1744929603402 0.7167 24
1744929609675 0.70852 25
1744929615987 0.70091 26
1744929622323 0.76763 27
1744929628513 0.71077 28
1744929634886 0.745 29
1744929641198 0.71679 30
1744929647543 0.73237 31
1744929653985 0.74248 32
1744929660422 0.75897 33
1744929666743 0.77986 34
1744929673067 0.73377 35
1744929679364 0.77271 36
1744929685614 0.74848 37
1744929691787 0.68673 38
1744929698044 0.68767 39
1744929704573 0.76578 40
1744929710713 0.76873 41
1744929716858 0.74872 42
1744929723081 0.72302 43
1744929729177 0.75457 44
1744929735346 0.75761 45
1744929741550 0.79626 46
1744929747851 0.77745 47
1744929754165 0.76299 48
1744929760319 0.75445 49
1744929766727 0.80133 50
1744929773245 0.77831 51
1744929779396 0.75727 52
1744929785608 0.78856 53
1744929791726 0.75474 54
1744929797801 0.78435 55
1744929804104 0.73838 56
1744929810778 0.76848 57
1744929817008 0.76343 58
1744929823373 0.76377 59
1744929829555 0.80079 60
1744929835862 0.79656 61
1744929842070 0.76962 62
1744929848324 0.79364 63
1744929854813 0.78048 64
1744929861142 0.75754 65
1744929867302 0.74016 66
1744929873586 0.77865 67
1744929879652 0.73077 68
1744929885929 0.77743 69
1744929892211 0.766 70
1744929898410 0.77882 71
1744929904504 0.77882 72
1744929910744 0.79701 73
1744929917184 0.78328 74
1744929923368 0.80063 75
1744929929556 0.76825 76
1744929935911 0.7902 77
1744929942035 0.77125 78
1744929948120 0.79497 79
1744929954264 0.78975 80
1744929960452 0.77117 81
1744929966476 0.82567 82
1744929972959 0.77894 83
1744929979264 0.7706 84
1744929985604 0.77756 85
1744929991679 0.7893 86
1744929998007 0.78675 87
1744930004107 0.7961 88
1744930010388 0.77426 89
1744930018464 0.80142 90
1744930024619 0.78492 91
1744930031041 0.79297 92
1744930037130 0.77219 93
1744930043228 0.77482 94
1744930049431 0.75172 95
1744930055578 0.76517 96
1744930061637 0.78838 97
1744930067657 0.77365 98
1744930073782 0.77797 99
1744930080971 0.7783558714194464 99
