1744929447084 0.10471 0
1744929453638 0.23901 1
1744929460051 0.11631 2
1744929466534 0.23386 3
1744929472810 0.32692 4
1744929479149 0.35796 5
1744929488632 0.38993 6
1744929496570 0.44726 7
1744929502848 0.45273 8
1744929509185 0.48273 9
1744929515560 0.47841 10
1744929521851 0.49919 11
1744929528040 0.53415 12
1744929534365 0.50302 13
1744929540499 0.49306 14
1744929547075 0.486 15
1744929553334 0.50489 16
1744929559797 0.5669 17
1744929566041 0.52654 18
1744929572205 0.54057 19
1744929578292 0.54212 20
1744929584511 0.58664 21
1744929590698 0.55169 22
1744929597251 0.5345 23
1744929603402 0.53742 24
1744929609675 0.53925 25
1744929615987 0.57977 26
1744929622323 0.5848 27
1744929628513 0.57824 28
1744929634886 0.55419 29
1744929641198 0.58121 30
1744929647543 0.58753 31
1744929653985 0.56253 32
1744929660422 0.5625 33
1744929666743 0.56935 34
1744929673067 0.56929 35
1744929679364 0.60336 36
1744929685614 0.58657 37
1744929691787 0.5901 38
1744929698044 0.5924 39
1744929704573 0.59421 40
1744929710713 0.5908 41
1744929716858 0.59838 42
1744929723081 0.61554 43
1744929729177 0.60374 44
1744929735346 0.61017 45
1744929741550 0.5904 46
1744929747851 0.57728 47
1744929754165 0.59255 48
1744929760319 0.60752 49
1744929766727 0.59634 50
1744929773245 0.61885 51
1744929779396 0.60698 52
1744929785608 0.60905 53
1744929791726 0.6325 54
1744929797801 0.6032 55
1744929804104 0.62738 56
1744929810778 0.64656 57
1744929817008 0.62766 58
1744929823373 0.62058 59
1744929829555 0.60812 60
1744929835862 0.59545 61
1744929842070 0.60278 62
1744929848324 0.61163 63
1744929854813 0.64375 64
1744929861142 0.62459 65
1744929867302 0.63238 66
1744929873586 0.61176 67
1744929879652 0.63353 68
1744929885929 0.61865 69
1744929892211 0.61468 70
1744929898410 0.61084 71
1744929904504 0.62289 72
1744929910744 0.61585 73
1744929917184 0.62277 74
1744929923368 0.60591 75
1744929929556 0.6254 76
1744929935911 0.61857 77
1744929942035 0.64554 78
1744929948120 0.62882 79
1744929954264 0.62757 80
1744929960452 0.6385 81
1744929966476 0.60675 82
1744929972959 0.64045 83
1744929979264 0.63897 84
1744929985604 0.64064 85
1744929991679 0.63166 86
1744929998007 0.62023 87
1744930004107 0.61485 88
1744930010388 0.6299 89
1744930018464 0.62055 90
1744930024619 0.61811 91
1744930031041 0.62603 92
1744930037130 0.62399 93
1744930043228 0.63617 94
1744930049431 0.63339 95
1744930055578 0.63529 96
1744930061637 0.62223 97
1744930067657 0.62864 98
1744930073782 0.63039 99
1744930080971 0.6405999562949272 99
