1745059014197 0.00019343 0
1745059020831 0.000389634053 1
1745059027298 0.0005818761259999999 2
1745059034404 0.0006471900999999999 3
1745059040522 0.0006405867999999999 4
1745059048078 0.0006339834999999999 5
1745059054226 0.0006273801999999999 6
1745059060326 0.0006207769 7
1745059066383 0.0006141736 8
1745059072559 0.0006075703 9
1745059078969 0.000600967 10
1745059085133 0.0005943637 11
1745059091128 0.0005877603999999999 12
1745059097204 0.0005811570999999999 13
1745059103285 0.0005745538 14
1745059109438 0.0005679505 15
1745059115438 0.0005613472 16
1745059121467 0.0005547439 17
1745059127483 0.0005481406 18
1745059133863 0.0005415373 19
1745059139895 0.000534934 20
1745059145927 0.0005283306999999999 21
1745059152014 0.0005217274 22
1745059158025 0.0005151241 23
1745059163955 0.0005085208 24
1745059170060 0.0005019174999999999 25
1745059176103 0.0004953142 26
1745059182424 0.0004887108999999999 27
1745059188376 0.00048210759999999994 28
1745059194372 0.00047550429999999996 29
1745059200390 0.0004689009999999999 30
1745059206440 0.00046229769999999994 31
1745059212419 0.0004556943999999999 32
1745059218432 0.0004490910999999999 33
1745059224379 0.0004424877999999999 34
1745059230709 0.00043588449999999994 35
1745059236637 0.0004292812 36
1745059242773 0.0004226779 37
1745059248732 0.0004160746 38
1745059254820 0.00040947129999999995 39
1745059260838 0.00040286799999999997 40
1745059266846 0.00039626470000000003 41
1745059272898 0.0003896614 42
1745059280321 0.0003830581 43
1745059286368 0.00037645479999999997 44
1745059292390 0.0003698515 45
1745059298356 0.0003632482 46
1745059304423 0.0003566449 47
1745059310502 0.0003500416 48
1745059316470 0.0003434383 49
1745059322491 0.00033683499999999996 50
1745059328745 0.00033023169999999997 51
1745059334788 0.00032362839999999993 52
1745059340985 0.0003170251 53
1745059347046 0.00031042179999999996 54
1745059353046 0.0003038184999999999 55
1745059359028 0.00029721519999999994 56
1745059365016 0.0002906119 57
1745059370927 0.0002840086 58
1745059377251 0.0002774053 59
1745059383193 0.000270802 60
1745059389230 0.00026419869999999996 61
1745059395180 0.0002575954 62
1745059401259 0.0002509921 63
1745059407170 0.0002443888 64
1745059413200 0.00023778549999999997 65
1745059419169 0.00023118219999999996 66
1745059425451 0.00022457889999999994 67
1745059431423 0.00021797559999999996 68
1745059437383 0.00021137230000000003 69
1745059443477 0.00020476900000000002 70
1745059449498 0.0001981657 71
1745059455427 0.0001915624 72
1745059461491 0.0001849591 73
1745059467439 0.0001783558 74
1745059473731 0.00017175249999999999 75
1745059479691 0.00016514919999999997 76
1745059485674 0.0001585459 77
1745059491706 0.00015194259999999998 78
1745059497734 0.00014533929999999997 79
1745059503753 0.00013873599999999995 80
1745059509829 0.00013213269999999994 81
1745059515800 0.00012552940000000004 82
1745059522181 0.00011892610000000001 83
1745059528139 0.00011232280000000003 84
1745059534242 0.00010571950000000002 85
1745059541278 9.91162e-05 86
1745059547316 9.25129e-05 87
1745059553267 8.59096e-05 88
1745059559303 7.930629999999998e-05 89
1745059566948 7.270299999999997e-05 90
1745059573245 6.609969999999997e-05 91
1745059579083 5.949639999999997e-05 92
1745059585015 5.2893099999999956e-05 93
1745059590875 4.6289800000000026e-05 94
1745059596791 3.968650000000003e-05 95
1745059602653 3.308320000000002e-05 96
1745059608568 2.6479900000000017e-05 97
1745059614449 1.9876600000000012e-05 98
1745059620621 1.3273300000000004e-05 99
