1745060974661 0.04796 0
1745060981237 0.12043 1
1745060987397 0.1767 2
1745060993592 0.29802 3
1745060999665 0.31649 4
1745061005815 0.41918 5
1745061013790 0.43439 6
1745061022681 0.45503 7
1745061028846 0.46697 8
1745061034949 0.50256 9
1745061041077 0.49539 10
1745061047355 0.51149 11
1745061053344 0.5326 12
1745061059408 0.53261 13
1745061065495 0.53115 14
1745061071515 0.5177 15
1745061077540 0.55319 16
1745061083581 0.52262 17
1745061089605 0.54492 18
1745061095758 0.55937 19
1745061102080 0.53432 20
1745061108129 0.56679 21
1745061114151 0.59651 22
1745061120194 0.57217 23
1745061126239 0.5799 24
1745061132298 0.56189 25
1745061138568 0.57497 26
1745061144566 0.57088 27
1745061150898 0.5985 28
1745061156936 0.57162 29
1745061162880 0.58249 30
1745061168870 0.58336 31
1745061174840 0.58196 32
1745061180814 0.60249 33
1745061186861 0.58859 34
1745061192868 0.58814 35
1745061198852 0.59809 36
1745061205171 0.57553 37
1745061211175 0.59074 38
1745061217249 0.56471 39
1745061223334 0.58405 40
1745061229340 0.60687 41
1745061235383 0.58978 42
1745061241441 0.59722 43
1745061247493 0.60042 44
1745061253864 0.59916 45
1745061259820 0.59571 46
1745061265783 0.58886 47
1745061271780 0.61316 48
1745061277753 0.60669 49
1745061283758 0.61346 50
1745061289841 0.61415 51
1745061295978 0.60951 52
1745061302314 0.60685 53
1745061308333 0.6175 54
1745061314386 0.62006 55
1745061320473 0.62158 56
1745061326461 0.62068 57
1745061332487 0.6078 58
1745061338482 0.61074 59
1745061344410 0.60808 60
1745061350723 0.62328 61
1745061356707 0.62663 62
1745061362773 0.61785 63
1745061368783 0.61741 64
1745061374773 0.62864 65
1745061380773 0.62467 66
1745061386912 0.62181 67
1745061392932 0.61426 68
1745061399259 0.61889 69
1745061405239 0.61976 70
1745061411287 0.62192 71
1745061417265 0.60727 72
1745061423283 0.61448 73
1745061429311 0.62494 74
1745061435430 0.63268 75
1745061441387 0.63006 76
1745061447725 0.63392 77
1745061453724 0.62411 78
1745061459827 0.62965 79
1745061465848 0.62959 80
1745061471835 0.62924 81
1745061477814 0.62708 82
1745061483834 0.62508 83
1745061489835 0.62319 84
1745061496152 0.62773 85
1745061502170 0.62208 86
1745061508160 0.62321 87
1745061514125 0.63108 88
1745061520191 0.634 89
1745061528018 0.62645 90
1745061533998 0.62592 91
1745061539884 0.62404 92
1745061546209 0.62442 93
1745061552027 0.61924 94
1745061557913 0.62197 95
1745061563758 0.62396 96
1745061569652 0.62707 97
1745061575520 0.62461 98
1745061581327 0.62449 99
1745061587517 0.6337921868707871 99
