1745060974661 0.03134 0
1745060981237 0.07543 1
1745060987397 0.09827 2
1745060993592 0.15937 3
1745060999665 0.15943 4
1745061005815 0.22205 5
1745061013790 0.22727 6
1745061022681 0.2415 7
1745061028846 0.24082 8
1745061034949 0.27408 9
1745061041077 0.27209 10
1745061047355 0.28232 11
1745061053344 0.29037 12
1745061059408 0.3015 13
1745061065495 0.28994 14
1745061071515 0.28197 15
1745061077540 0.3102 16
1745061083581 0.2921 17
1745061089605 0.31221 18
1745061095758 0.31274 19
1745061102080 0.29797 20
1745061108129 0.31821 21
1745061114151 0.33243 22
1745061120194 0.33434 23
1745061126239 0.33388 24
1745061132298 0.32428 25
1745061138568 0.32989 26
1745061144566 0.32916 27
1745061150898 0.34952 28
1745061156936 0.33058 29
1745061162880 0.33044 30
1745061168870 0.33104 31
1745061174840 0.33222 32
1745061180814 0.34503 33
1745061186861 0.33791 34
1745061192868 0.34502 35
1745061198852 0.35374 36
1745061205171 0.32762 37
1745061211175 0.33723 38
1745061217249 0.32431 39
1745061223334 0.34674 40
1745061229340 0.35456 41
1745061235383 0.34434 42
1745061241441 0.34599 43
1745061247493 0.35099 44
1745061253864 0.3585 45
1745061259820 0.34996 46
1745061265783 0.34786 47
1745061271780 0.35683 48
1745061277753 0.35587 49
1745061283758 0.36366 50
1745061289841 0.36572 51
1745061295978 0.36201 52
1745061302314 0.36239 53
1745061308333 0.36013 54
1745061314386 0.37243 55
1745061320473 0.37615 56
1745061326461 0.36815 57
1745061332487 0.36495 58
1745061338482 0.36694 59
1745061344410 0.35817 60
1745061350723 0.37076 61
1745061356707 0.36628 62
1745061362773 0.36801 63
1745061368783 0.37015 64
1745061374773 0.37506 65
1745061380773 0.3727 66
1745061386912 0.36944 67
1745061392932 0.36965 68
1745061399259 0.3737 69
1745061405239 0.37421 70
1745061411287 0.37702 71
1745061417265 0.36442 72
1745061423283 0.3728 73
1745061429311 0.3776 74
1745061435430 0.38037 75
1745061441387 0.37592 76
1745061447725 0.38036 77
1745061453724 0.37883 78
1745061459827 0.37147 79
1745061465848 0.37531 80
1745061471835 0.37671 81
1745061477814 0.37598 82
1745061483834 0.37567 83
1745061489835 0.3787 84
1745061496152 0.37809 85
1745061502170 0.37802 86
1745061508160 0.37873 87
1745061514125 0.37913 88
1745061520191 0.38318 89
1745061528018 0.37327 90
1745061533998 0.37128 91
1745061539884 0.37528 92
1745061546209 0.37188 93
1745061552027 0.37454 94
1745061557913 0.37081 95
1745061563758 0.37433 96
1745061569652 0.3733 97
1745061575520 0.37535 98
1745061581327 0.37422 99
1745061587517 0.38357202666920953 99
