1745060974661 0.01215 0
1745060981237 0.01304 1
1745060987397 0.85567 2
1745060993592 0.63129 3
1745060999665 0.56932 4
1745061005815 0.4808 5
1745061013790 0.48886 6
1745061022681 0.57501 7
1745061028846 0.63662 8
1745061034949 0.69775 9
1745061041077 0.58652 10
1745061047355 0.63634 11
1745061053344 0.60586 12
1745061059408 0.68298 13
1745061065495 0.71083 14
1745061071515 0.6594 15
1745061077540 0.69428 16
1745061083581 0.62845 17
1745061089605 0.66308 18
1745061095758 0.67199 19
1745061102080 0.62828 20
1745061108129 0.65553 21
1745061114151 0.72592 22
1745061120194 0.67925 23
1745061126239 0.783 24
1745061132298 0.7436 25
1745061138568 0.7097 26
1745061144566 0.71551 27
1745061150898 0.74215 28
1745061156936 0.73716 29
1745061162880 0.78408 30
1745061168870 0.68162 31
1745061174840 0.76173 32
1745061180814 0.74415 33
1745061186861 0.72433 34
1745061192868 0.71998 35
1745061198852 0.76461 36
1745061205171 0.69192 37
1745061211175 0.76134 38
1745061217249 0.73855 39
1745061223334 0.70804 40
1745061229340 0.75997 41
1745061235383 0.69867 42
1745061241441 0.7498 43
1745061247493 0.70927 44
1745061253864 0.78055 45
1745061259820 0.72666 46
1745061265783 0.7534 47
1745061271780 0.75079 48
1745061277753 0.74643 49
1745061283758 0.75777 50
1745061289841 0.77883 51
1745061295978 0.79024 52
1745061302314 0.70591 53
1745061308333 0.73409 54
1745061314386 0.76886 55
1745061320473 0.76322 56
1745061326461 0.75885 57
1745061332487 0.80014 58
1745061338482 0.71159 59
1745061344410 0.71028 60
1745061350723 0.81613 61
1745061356707 0.82182 62
1745061362773 0.76042 63
1745061368783 0.77727 64
1745061374773 0.79275 65
1745061380773 0.81226 66
1745061386912 0.78277 67
1745061392932 0.80972 68
1745061399259 0.81819 69
1745061405239 0.81235 70
1745061411287 0.81212 71
1745061417265 0.77366 72
1745061423283 0.80635 73
1745061429311 0.80747 74
1745061435430 0.78685 75
1745061441387 0.77454 76
1745061447725 0.80591 77
1745061453724 0.77411 78
1745061459827 0.77956 79
1745061465848 0.83339 80
1745061471835 0.82938 81
1745061477814 0.82533 82
1745061483834 0.82128 83
1745061489835 0.83606 84
1745061496152 0.81727 85
1745061502170 0.84843 86
1745061508160 0.83254 87
1745061514125 0.81593 88
1745061520191 0.83728 89
1745061528018 0.83726 90
1745061533998 0.84572 91
1745061539884 0.83855 92
1745061546209 0.79777 93
1745061552027 0.81172 94
1745061557913 0.80347 95
1745061563758 0.81446 96
1745061569652 0.83435 97
1745061575520 0.79567 98
1745061581327 0.79836 99
1745061587517 0.8368145268970285 99
