1745060974661 0.12476 0
1745060981237 0.26575 1
1745060987397 0.0931 2
1745060993592 0.2717 3
1745060999665 0.30793 4
1745061005815 0.42897 5
1745061013790 0.40934 6
1745061022681 0.42222 7
1745061028846 0.4415 8
1745061034949 0.44951 9
1745061041077 0.44784 10
1745061047355 0.47613 11
1745061053344 0.53181 12
1745061059408 0.49351 13
1745061065495 0.48467 14
1745061071515 0.46262 15
1745061077540 0.5173 16
1745061083581 0.48902 17
1745061089605 0.52595 18
1745061095758 0.54534 19
1745061102080 0.51614 20
1745061108129 0.53738 21
1745061114151 0.54962 22
1745061120194 0.52958 23
1745061126239 0.53124 24
1745061132298 0.51726 25
1745061138568 0.53238 26
1745061144566 0.51828 27
1745061150898 0.53622 28
1745061156936 0.54729 29
1745061162880 0.54246 30
1745061168870 0.58185 31
1745061174840 0.54912 32
1745061180814 0.56564 33
1745061186861 0.55075 34
1745061192868 0.56209 35
1745061198852 0.56296 36
1745061205171 0.55451 37
1745061211175 0.55477 38
1745061217249 0.54088 39
1745061223334 0.5548 40
1745061229340 0.56624 41
1745061235383 0.58187 42
1745061241441 0.56267 43
1745061247493 0.58186 44
1745061253864 0.5626 45
1745061259820 0.56672 46
1745061265783 0.56881 47
1745061271780 0.58793 48
1745061277753 0.57943 49
1745061283758 0.57889 50
1745061289841 0.56317 51
1745061295978 0.5576 52
1745061302314 0.57822 53
1745061308333 0.59139 54
1745061314386 0.58229 55
1745061320473 0.59335 56
1745061326461 0.57693 57
1745061332487 0.56049 58
1745061338482 0.60331 59
1745061344410 0.59875 60
1745061350723 0.57651 61
1745061356707 0.59713 62
1745061362773 0.59664 63
1745061368783 0.58737 64
1745061374773 0.5948 65
1745061380773 0.58836 66
1745061386912 0.58339 67
1745061392932 0.57717 68
1745061399259 0.57692 69
1745061405239 0.56378 70
1745061411287 0.57645 71
1745061417265 0.56876 72
1745061423283 0.56897 73
1745061429311 0.58769 74
1745061435430 0.60627 75
1745061441387 0.61603 76
1745061447725 0.59847 77
1745061453724 0.5975 78
1745061459827 0.58781 79
1745061465848 0.59052 80
1745061471835 0.58649 81
1745061477814 0.59137 82
1745061483834 0.59338 83
1745061489835 0.57584 84
1745061496152 0.58405 85
1745061502170 0.57131 86
1745061508160 0.57839 87
1745061514125 0.59364 88
1745061520191 0.58188 89
1745061528018 0.57493 90
1745061533998 0.57022 91
1745061539884 0.57643 92
1745061546209 0.5974 93
1745061552027 0.58155 94
1745061557913 0.58333 95
1745061563758 0.57871 96
1745061569652 0.57553 97
1745061575520 0.5913 98
1745061581327 0.59255 99
1745061587517 0.5818758462401107 99
