1745060973486 1.54293 0
1745060979747 1.54955 1
1745060986195 1.59546 2
1745060992379 1.57849 3
1745060998456 1.56854 4
1745061004579 1.50283 5
1745061011850 1.47554 6
1745061020744 1.43037 7
1745061027742 1.42018 8
1745061033804 1.40617 9
1745061039932 1.38298 10
1745061045931 1.34604 11
1745061052222 1.3094 12
1745061058269 1.32931 13
1745061064344 1.32866 14
1745061070458 1.33089 15
1745061076424 1.29693 16
1745061082481 1.30094 17
1745061088472 1.29325 18
1745061094605 1.30649 19
1745061100975 1.28704 20
1745061107013 1.24066 21
1745061113025 1.23803 22
1745061119107 1.19932 23
1745061125139 1.22222 24
1745061131197 1.21392 25
1745061137363 1.20725 26
1745061143497 1.18385 27
1745061149500 1.19187 28
1745061155855 1.18871 29
1745061161812 1.18891 30
1745061167810 1.16356 31
1745061173780 1.14176 32
1745061179749 1.14789 33
1745061185760 1.16335 34
1745061191822 1.12784 35
1745061197771 1.12288 36
1745061204109 1.10948 37
1745061210097 1.11119 38
1745061216174 1.07903 39
1745061222256 1.13749 40
1745061228276 1.0605 41
1745061234293 1.09053 42
1745061240359 1.04891 43
1745061246375 1.06644 44
1745061252745 1.06243 45
1745061258740 1.06402 46
1745061264732 1.05345 47
1745061270722 1.04802 48
1745061276679 1.03731 49
1745061282671 1.03071 50
1745061288727 1.0418 51
1745061294835 1.05362 52
1745061301269 1.03626 53
1745061307238 1.01852 54
1745061313285 1.03468 55
1745061319381 1.0144 56
1745061325420 1.00004 57
1745061331370 1.01061 58
1745061337412 0.98589 59
1745061343331 0.99042 60
1745061349670 0.98725 61
1745061355612 0.97321 62
1745061361703 0.96971 63
1745061367710 0.96811 64
1745061373716 0.9458 65
1745061379682 0.99648 66
1745061385771 0.91481 67
1745061391846 0.93263 68
1745061398194 0.9598 69
1745061404199 0.93997 70
1745061410171 0.94554 71
1745061416195 0.94308 72
1745061422207 0.93067 73
1745061428219 0.91788 74
1745061434317 0.92124 75
1745061440303 0.92221 76
1745061446636 0.89796 77
1745061452630 0.88316 78
1745061458731 0.92297 79
1745061464737 0.89576 80
1745061470761 0.88015 81
1745061476746 0.87277 82
1745061482750 0.85281 83
1745061488720 0.86595 84
1745061495069 0.86569 85
1745061501090 0.86097 86
1745061507112 0.8385 87
1745061513076 0.85693 88
1745061519084 0.85838 89
1745061526916 0.88437 90
1745061532901 0.86343 91
1745061538789 0.83564 92
1745061545102 0.84217 93
1745061550998 0.82151 94
1745061556859 0.82614 95
1745061562727 0.82769 96
1745061568597 0.80541 97
1745061574455 0.81814 98
1745061580283 0.80872 99
