1745060973486 4.01656 0
1745060979747 3.34634 1
1745060986195 2.63994 2
1745060992379 2.18582 3
1745060998456 2.05823 4
1745061004579 1.87656 5
1745061011850 1.76338 6
1745061020744 1.67553 7
1745061027742 1.57814 8
1745061033804 1.5668 9
1745061039932 1.4845 10
1745061045931 1.4424 11
1745061052222 1.42826 12
1745061058269 1.3573 13
1745061064344 1.36582 14
1745061070458 1.3527 15
1745061076424 1.32035 16
1745061082481 1.30252 17
1745061088472 1.31297 18
1745061094605 1.26991 19
1745061100975 1.22963 20
1745061107013 1.20157 21
1745061113025 1.22153 22
1745061119107 1.16573 23
1745061125139 1.18416 24
1745061131197 1.166 25
1745061137363 1.12356 26
1745061143497 1.1042 27
1745061149500 1.10579 28
1745061155855 1.09815 29
1745061161812 1.09203 30
1745061167810 1.03343 31
1745061173780 1.02467 32
1745061179749 1.02499 33
1745061185760 1.03313 34
1745061191822 1.00369 35
1745061197771 0.98155 36
1745061204109 0.96819 37
1745061210097 0.98187 38
1745061216174 0.96595 39
1745061222256 0.94404 40
1745061228276 0.91566 41
1745061234293 0.92791 42
1745061240359 0.91986 43
1745061246375 0.89033 44
1745061252745 0.89378 45
1745061258740 0.9068 46
1745061264732 0.90373 47
1745061270722 0.87964 48
1745061276679 0.88266 49
1745061282671 0.86563 50
1745061288727 0.8542 51
1745061294835 0.88066 52
1745061301269 0.85338 53
1745061307238 0.84549 54
1745061313285 0.84888 55
1745061319381 0.81649 56
1745061325420 0.82188 57
1745061331370 0.83413 58
1745061337412 0.80399 59
1745061343331 0.81421 60
1745061349670 0.79236 61
1745061355612 0.7815 62
1745061361703 0.76398 63
1745061367710 0.77246 64
1745061373716 0.75545 65
1745061379682 0.78404 66
1745061385771 0.74843 67
1745061391846 0.73968 68
1745061398194 0.77405 69
1745061404199 0.75201 70
1745061410171 0.74145 71
1745061416195 0.73728 72
1745061422207 0.72614 73
1745061428219 0.72321 74
1745061434317 0.72364 75
1745061440303 0.70564 76
1745061446636 0.69796 77
1745061452630 0.69651 78
1745061458731 0.69741 79
1745061464737 0.69617 80
1745061470761 0.6861 81
1745061476746 0.68302 82
1745061482750 0.67479 83
1745061488720 0.67808 84
1745061495069 0.67661 85
1745061501090 0.66483 86
1745061507112 0.65733 87
1745061513076 0.65801 88
1745061519084 0.65598 89
1745061526916 0.72007 90
1745061532901 0.66716 91
1745061538789 0.65683 92
1745061545102 0.66106 93
1745061550998 0.64144 94
1745061556859 0.6486 95
1745061562727 0.63475 96
1745061568597 0.6251 97
1745061574455 0.64772 98
1745061580283 0.63105 99
