1745060973486 1.46756 0
1745060979747 1.43313 1
1745060986195 1.43092 2
1745060992379 1.38859 3
1745060998456 1.41942 4
1745061004579 1.38012 5
1745061011850 1.36515 6
1745061020744 1.33456 7
1745061027742 1.31691 8
1745061033804 1.30978 9
1745061039932 1.29515 10
1745061045931 1.29373 11
1745061052222 1.27315 12
1745061058269 1.27594 13
1745061064344 1.28328 14
1745061070458 1.25147 15
1745061076424 1.24034 16
1745061082481 1.24161 17
1745061088472 1.25338 18
1745061094605 1.24233 19
1745061100975 1.22596 20
1745061107013 1.21685 21
1745061113025 1.22103 22
1745061119107 1.20918 23
1745061125139 1.19638 24
1745061131197 1.2 25
1745061137363 1.19079 26
1745061143497 1.17866 27
1745061149500 1.20289 28
1745061155855 1.18166 29
1745061161812 1.16622 30
1745061167810 1.17862 31
1745061173780 1.16303 32
1745061179749 1.17145 33
1745061185760 1.16341 34
1745061191822 1.13465 35
1745061197771 1.1533 36
1745061204109 1.12773 37
1745061210097 1.14819 38
1745061216174 1.15623 39
1745061222256 1.1347 40
1745061228276 1.11995 41
1745061234293 1.12434 42
1745061240359 1.1229 43
1745061246375 1.10227 44
1745061252745 1.09982 45
1745061258740 1.11163 46
1745061264732 1.10739 47
1745061270722 1.10832 48
1745061276679 1.11655 49
1745061282671 1.10797 50
1745061288727 1.09972 51
1745061294835 1.11422 52
1745061301269 1.10338 53
1745061307238 1.08505 54
1745061313285 1.09748 55
1745061319381 1.08443 56
1745061325420 1.08234 57
1745061331370 1.10308 58
1745061337412 1.07116 59
1745061343331 1.07497 60
1745061349670 1.06339 61
1745061355612 1.06617 62
1745061361703 1.05672 63
1745061367710 1.05919 64
1745061373716 1.05812 65
1745061379682 1.06892 66
1745061385771 1.04139 67
1745061391846 1.04959 68
1745061398194 1.06727 69
1745061404199 1.05062 70
1745061410171 1.04416 71
1745061416195 1.0412 72
1745061422207 1.04616 73
1745061428219 1.04977 74
1745061434317 1.03367 75
1745061440303 1.03108 76
1745061446636 1.02628 77
1745061452630 1.02671 78
1745061458731 1.03301 79
1745061464737 1.03221 80
1745061470761 1.03065 81
1745061476746 1.01212 82
1745061482750 1.0145 83
1745061488720 1.01738 84
1745061495069 1.02303 85
1745061501090 1.01229 86
1745061507112 1.01198 87
1745061513076 1.00458 88
1745061519084 1.00657 89
1745061526916 1.01522 90
1745061532901 0.98908 91
1745061538789 0.98733 92
1745061545102 0.99859 93
1745061550998 0.98851 94
1745061556859 0.98163 95
1745061562727 0.98242 96
1745061568597 0.97705 97
1745061574455 0.99536 98
1745061580283 0.97771 99
