1744935567696 0.03616 0
1744935576943 0.08477 1
1744935585725 0.22011 2
1744935595885 0.28029 3
1744935606122 0.34492 4
1744935614769 0.42407 5
1744935623449 0.43964 6
1744935632687 0.46113 7
1744935641156 0.47864 8
1744935649805 0.47864 9
1744935658369 0.50618 10
1744935666913 0.50631 11
1744935675671 0.5147 12
1744935684373 0.50771 13
1744935692891 0.52872 14
1744935701535 0.52936 15
1744935711132 0.53375 16
1744935720075 0.54159 17
1744935728558 0.54724 18
1744935737134 0.56772 19
1744935745813 0.56085 20
1744935754433 0.56353 21
1744935762950 0.57346 22
1744935771788 0.578 23
1744935780344 0.5797 24
1744935788942 0.58074 25
1744935797613 0.59697 26
1744935806156 0.58612 27
1744935814675 0.59566 28
1744935823523 0.5997 29
1744935831996 0.60802 30
1744935840482 0.61522 31
1744935848954 0.60852 32
1744935857556 0.60175 33
1744935866056 0.605 34
1744935874916 0.62041 35
1744935883534 0.6178 36
1744935892013 0.60298 37
1744935900467 0.59445 38
1744935909117 0.61741 39
1744935917911 0.61242 40
1744935926422 0.62278 41
1744935935004 0.61573 42
1744935943557 0.61441 43
1744935951975 0.62026 44
1744935960616 0.61803 45
1744935969517 0.62801 46
1744935978182 0.62444 47
1744935986556 0.62899 48
1744935995149 0.6235 49
1744936003626 0.62457 50
1744936012159 0.62206 51
1744936021144 0.63617 52
1744936029727 0.635 53
1744936038246 0.63282 54
1744936046678 0.6304 55
1744936055101 0.64593 56
1744936063659 0.6334 57
1744936072347 0.63724 58
1744936080807 0.6422 59
1744936089345 0.64802 60
1744936097934 0.65462 61
1744936106546 0.64138 62
1744936115195 0.65404 63
1744936123980 0.65057 64
1744936132458 0.63976 65
1744936141013 0.64456 66
1744936149592 0.64502 67
1744936158100 0.64825 68
1744936166802 0.644 69
1744936175248 0.644 70
1744936183770 0.63562 71
1744936192332 0.6441 72
1744936200821 0.64557 73
1744936209291 0.64156 74
1744936218102 0.64435 75
1744936226523 0.64831 76
1744936235141 0.65343 77
1744936243718 0.65708 78
1744936252182 0.65129 79
1744936260954 0.6608 80
1744936269608 0.66081 81
1744936278121 0.65757 82
1744936286614 0.65489 83
1744936295117 0.65295 84
1744936303662 0.65226 85
1744936312347 0.65193 86
1744936320874 0.64733 87
1744936329410 0.65388 88
1744936338122 0.64974 89
1744936348357 0.64556 90
1744936356674 0.64428 91
1744936365514 0.65112 92
1744936374014 0.65488 93
1744936382471 0.65565 94
1744936390819 0.65371 95
1744936399269 0.65234 96
1744936407968 0.65231 97
1744936416289 0.64985 98
1744936424853 0.65565 99
1744936432495 0.6609165246412446 99
