1744935567696 0.02261 0
1744935576943 0.04264 1
1744935585725 0.11466 2
1744935595885 0.14936 3
1744935606122 0.17639 4
1744935614769 0.21841 5
1744935623449 0.22522 6
1744935632687 0.24212 7
1744935641156 0.25133 8
1744935649805 0.25074 9
1744935658369 0.27336 10
1744935666913 0.28246 11
1744935675671 0.28877 12
1744935684373 0.27271 13
1744935692891 0.2846 14
1744935701535 0.28324 15
1744935711132 0.29305 16
1744935720075 0.29586 17
1744935728558 0.29637 18
1744935737134 0.31511 19
1744935745813 0.32122 20
1744935754433 0.311 21
1744935762950 0.32515 22
1744935771788 0.33197 23
1744935780344 0.3232 24
1744935788942 0.31544 25
1744935797613 0.33812 26
1744935806156 0.32375 27
1744935814675 0.33852 28
1744935823523 0.34475 29
1744935831996 0.34688 30
1744935840482 0.34219 31
1744935848954 0.34242 32
1744935857556 0.33775 33
1744935866056 0.34534 34
1744935874916 0.34265 35
1744935883534 0.34907 36
1744935892013 0.34488 37
1744935900467 0.3461 38
1744935909117 0.35571 39
1744935917911 0.35753 40
1744935926422 0.35831 41
1744935935004 0.35994 42
1744935943557 0.34919 43
1744935951975 0.35035 44
1744935960616 0.36638 45
1744935969517 0.36171 46
1744935978182 0.35789 47
1744935986556 0.36231 48
1744935995149 0.3599 49
1744936003626 0.37268 50
1744936012159 0.36657 51
1744936021144 0.36616 52
1744936029727 0.36923 53
1744936038246 0.3786 54
1744936046678 0.36765 55
1744936055101 0.37809 56
1744936063659 0.36867 57
1744936072347 0.37856 58
1744936080807 0.37572 59
1744936089345 0.38145 60
1744936097934 0.38047 61
1744936106546 0.37695 62
1744936115195 0.38411 63
1744936123980 0.3797 64
1744936132458 0.38394 65
1744936141013 0.38328 66
1744936149592 0.3817 67
1744936158100 0.38274 68
1744936166802 0.38078 69
1744936175248 0.38285 70
1744936183770 0.37669 71
1744936192332 0.38467 72
1744936200821 0.37362 73
1744936209291 0.38226 74
1744936218102 0.3776 75
1744936226523 0.38328 76
1744936235141 0.38394 77
1744936243718 0.3848 78
1744936252182 0.37883 79
1744936260954 0.39197 80
1744936269608 0.39064 81
1744936278121 0.38741 82
1744936286614 0.39254 83
1744936295117 0.38175 84
1744936303662 0.39019 85
1744936312347 0.3812 86
1744936320874 0.38109 87
1744936329410 0.38596 88
1744936338122 0.38114 89
1744936348357 0.3811 90
1744936356674 0.37703 91
1744936365514 0.3812 92
1744936374014 0.38205 93
1744936382471 0.3804 94
1744936390819 0.38027 95
1744936399269 0.38171 96
1744936407968 0.38039 97
1744936416289 0.38392 98
1744936424853 0.38242 99
1744936432495 0.3921025971676068 99
