1744935567696 0.00559 0
1744935576943 0.98375 1
1744935585725 0.76781 2
1744935595885 0.69978 3
1744935606122 0.45363 4
1744935614769 0.54716 5
1744935623449 0.60501 6
1744935632687 0.56069 7
1744935641156 0.66258 8
1744935649805 0.55798 9
1744935658369 0.6692 10
1744935666913 0.68865 11
1744935675671 0.72028 12
1744935684373 0.6673 13
1744935692891 0.73867 14
1744935701535 0.65498 15
1744935711132 0.66478 16
1744935720075 0.72196 17
1744935728558 0.65882 18
1744935737134 0.71523 19
1744935745813 0.68681 20
1744935754433 0.69739 21
1744935762950 0.70326 22
1744935771788 0.74223 23
1744935780344 0.70896 24
1744935788942 0.74026 25
1744935797613 0.70774 26
1744935806156 0.76045 27
1744935814675 0.76467 28
1744935823523 0.7414 29
1744935831996 0.74195 30
1744935840482 0.7674 31
1744935848954 0.74412 32
1744935857556 0.71752 33
1744935866056 0.78311 34
1744935874916 0.76787 35
1744935883534 0.78049 36
1744935892013 0.72612 37
1744935900467 0.76434 38
1744935909117 0.75787 39
1744935917911 0.71378 40
1744935926422 0.81896 41
1744935935004 0.77544 42
1744935943557 0.71882 43
1744935951975 0.73094 44
1744935960616 0.79003 45
1744935969517 0.78085 46
1744935978182 0.80082 47
1744935986556 0.73753 48
1744935995149 0.74241 49
1744936003626 0.8036 50
1744936012159 0.77942 51
1744936021144 0.84366 52
1744936029727 0.77258 53
1744936038246 0.76445 54
1744936046678 0.82801 55
1744936055101 0.8103 56
1744936063659 0.78478 57
1744936072347 0.74211 58
1744936080807 0.80367 59
1744936089345 0.83091 60
1744936097934 0.7878 61
1744936106546 0.7712 62
1744936115195 0.77393 63
1744936123980 0.83366 64
1744936132458 0.77641 65
1744936141013 0.81343 66
1744936149592 0.77251 67
1744936158100 0.80112 68
1744936166802 0.80002 69
1744936175248 0.76419 70
1744936183770 0.79298 71
1744936192332 0.83944 72
1744936200821 0.7883 73
1744936209291 0.77891 74
1744936218102 0.75243 75
1744936226523 0.76986 76
1744936235141 0.80566 77
1744936243718 0.80633 78
1744936252182 0.78165 79
1744936260954 0.79011 80
1744936269608 0.82493 81
1744936278121 0.85724 82
1744936286614 0.80823 83
1744936295117 0.81909 84
1744936303662 0.78022 85
1744936312347 0.7807 86
1744936320874 0.80375 87
1744936329410 0.76669 88
1744936338122 0.76105 89
1744936348357 0.81082 90
1744936356674 0.77088 91
1744936365514 0.81664 92
1744936374014 0.82836 93
1744936382471 0.85348 94
1744936390819 0.8164 95
1744936399269 0.81453 96
1744936407968 0.84674 97
1744936416289 0.80836 98
1744936424853 0.81145 99
1744936432495 0.7925171156460884 99
