1744935567696 0.10732 0
1744935576943 0.01909 1
1744935585725 0.07126 2
1744935595885 0.25076 3
1744935606122 0.31267 4
1744935614769 0.3997 5
1744935623449 0.42378 6
1744935632687 0.44348 7
1744935641156 0.45306 8
1744935649805 0.47224 9
1744935658369 0.4658 10
1744935666913 0.47638 11
1744935675671 0.49005 12
1744935684373 0.49699 13
1744935692891 0.47798 14
1744935701535 0.48139 15
1744935711132 0.50334 16
1744935720075 0.47527 17
1744935728558 0.53144 18
1744935737134 0.52211 19
1744935745813 0.53937 20
1744935754433 0.53887 21
1744935762950 0.52972 22
1744935771788 0.51328 23
1744935780344 0.51922 24
1744935788942 0.51337 25
1744935797613 0.556 26
1744935806156 0.53327 27
1744935814675 0.55215 28
1744935823523 0.53247 29
1744935831996 0.56775 30
1744935840482 0.56091 31
1744935848954 0.55379 32
1744935857556 0.56295 33
1744935866056 0.54389 34
1744935874916 0.57836 35
1744935883534 0.56419 36
1744935892013 0.56795 37
1744935900467 0.53537 38
1744935909117 0.56585 39
1744935917911 0.58453 40
1744935926422 0.55069 41
1744935935004 0.54304 42
1744935943557 0.58263 43
1744935951975 0.58326 44
1744935960616 0.56579 45
1744935969517 0.57733 46
1744935978182 0.56373 47
1744935986556 0.5766 48
1744935995149 0.57058 49
1744936003626 0.56372 50
1744936012159 0.55226 51
1744936021144 0.57522 52
1744936029727 0.58889 53
1744936038246 0.59977 54
1744936046678 0.56838 55
1744936055101 0.59759 56
1744936063659 0.58994 57
1744936072347 0.6047 58
1744936080807 0.59347 59
1744936089345 0.59333 60
1744936097934 0.60229 61
1744936106546 0.59561 62
1744936115195 0.61053 63
1744936123980 0.5718 64
1744936132458 0.58953 65
1744936141013 0.5767 66
1744936149592 0.60759 67
1744936158100 0.59586 68
1744936166802 0.57954 69
1744936175248 0.59648 70
1744936183770 0.57186 71
1744936192332 0.56596 72
1744936200821 0.58993 73
1744936209291 0.57879 74
1744936218102 0.60761 75
1744936226523 0.60934 76
1744936235141 0.60056 77
1744936243718 0.61202 78
1744936252182 0.60503 79
1744936260954 0.6136 80
1744936269608 0.59939 81
1744936278121 0.57985 82
1744936286614 0.60684 83
1744936295117 0.60838 84
1744936303662 0.62139 85
1744936312347 0.60582 86
1744936320874 0.59044 87
1744936329410 0.62744 88
1744936338122 0.62198 89
1744936348357 0.60092 90
1744936356674 0.61202 91
1744936365514 0.59595 92
1744936374014 0.59503 93
1744936382471 0.59155 94
1744936390819 0.60238 95
1744936399269 0.5938 96
1744936407968 0.57372 97
1744936416289 0.59718 98
1744936424853 0.60021 99
1744936432495 0.6136047234021177 99
