1744930100428 0.00019343 0
1744930107129 0.000389634053 1
1744930113511 0.0005818761259999999 2
1744930119813 0.0006471900999999999 3
1744930126030 0.0006405867999999999 4
1744930132288 0.0006339834999999999 5
1744930138521 0.0006273801999999999 6
1744930145240 0.0006207769 7
1744930151528 0.0006141736 8
1744930157838 0.0006075703 9
1744930164191 0.000600967 10
1744930170286 0.0005943637 11
1744930176458 0.0005877603999999999 12
1744930182740 0.0005811570999999999 13
1744930188956 0.0005745538 14
1744930195189 0.0005679505 15
1744930201831 0.0005613472 16
1744930208060 0.0005547439 17
1744930214247 0.0005481406 18
1744930220524 0.0005415373 19
1744930226737 0.000534934 20
1744930232884 0.0005283306999999999 21
1744930239129 0.0005217274 22
1744930245370 0.0005151241 23
1744930251824 0.0005085208 24
1744930258059 0.0005019174999999999 25
1744930264190 0.0004953142 26
1744930270370 0.0004887108999999999 27
1744930276501 0.00048210759999999994 28
1744930282781 0.00047550429999999996 29
1744930288836 0.0004689009999999999 30
1744930294947 0.00046229769999999994 31
1744930301162 0.0004556943999999999 32
1744930307251 0.0004490910999999999 33
1744930313744 0.0004424877999999999 34
1744930320159 0.00043588449999999994 35
1744930326367 0.0004292812 36
1744930332568 0.0004226779 37
1744930338843 0.0004160746 38
1744930345070 0.00040947129999999995 39
1744930351254 0.00040286799999999997 40
1744930357456 0.00039626470000000003 41
1744930363714 0.0003896614 42
1744930370200 0.0003830581 43
1744930376335 0.00037645479999999997 44
1744930382574 0.0003698515 45
1744930388903 0.0003632482 46
1744930395165 0.0003566449 47
1744930401388 0.0003500416 48
1744930407578 0.0003434383 49
1744930413779 0.00033683499999999996 50
1744930420575 0.00033023169999999997 51
1744930426988 0.00032362839999999993 52
1744930433289 0.0003170251 53
1744930439395 0.00031042179999999996 54
1744930445553 0.0003038184999999999 55
1744930451878 0.00029721519999999994 56
1744930458144 0.0002906119 57
1744930464440 0.0002840086 58
1744930470611 0.0002774053 59
1744930476941 0.000270802 60
1744930483112 0.00026419869999999996 61
1744930489222 0.0002575954 62
1744930495426 0.0002509921 63
1744930501635 0.0002443888 64
1744930508063 0.00023778549999999997 65
1744930514121 0.00023118219999999996 66
1744930520320 0.00022457889999999994 67
1744930526687 0.00021797559999999996 68
1744930532904 0.00021137230000000003 69
1744930539036 0.00020476900000000002 70
1744930545173 0.0001981657 71
1744930551350 0.0001915624 72
1744930557368 0.0001849591 73
1744930563532 0.0001783558 74
1744930569746 0.00017175249999999999 75
1744930575782 0.00016514919999999997 76
1744930582381 0.0001585459 77
1744930588588 0.00015194259999999998 78
1744930594819 0.00014533929999999997 79
1744930602647 0.00013873599999999995 80
1744930608958 0.00013213269999999994 81
1744930615168 0.00012552940000000004 82
1744930621355 0.00011892610000000001 83
1744930627607 0.00011232280000000003 84
1744930634144 0.00010571950000000002 85
1744930640387 9.91162e-05 86
1744930646657 9.25129e-05 87
1744930653014 8.59096e-05 88
1744930659250 7.930629999999998e-05 89
1744930667413 7.270299999999997e-05 90
1744930673504 6.609969999999997e-05 91
1744930679525 5.949639999999997e-05 92
1744930685584 5.2893099999999956e-05 93
1744930692159 4.6289800000000026e-05 94
1744930698315 3.968650000000003e-05 95
1744930704397 3.308320000000002e-05 96
1744930710515 2.6479900000000017e-05 97
1744930716596 1.9876600000000012e-05 98
1744930722790 1.3273300000000004e-05 99
