1745059015717 0.0358 0
1745059022066 0.10154 1
1745059029517 0.18137 2
1745059035625 0.24726 3
1745059041716 0.34534 4
1745059049382 0.28941 5
1745059055422 0.41056 6
1745059061513 0.42288 7
1745059067572 0.39022 8
1745059074061 0.45415 9
1745059080122 0.47784 10
1745059086266 0.41655 11
1745059092237 0.48896 12
1745059098386 0.51531 13
1745059104446 0.53244 14
1745059110574 0.53362 15
1745059116551 0.5287 16
1745059122613 0.54674 17
1745059128912 0.56292 18
1745059134993 0.55393 19
1745059141009 0.54998 20
1745059147041 0.56915 21
1745059153104 0.56833 22
1745059159125 0.55956 23
1745059165093 0.55873 24
1745059171224 0.58508 25
1745059177430 0.56178 26
1745059183529 0.55407 27
1745059189466 0.55282 28
1745059195499 0.57012 29
1745059201551 0.5918 30
1745059207536 0.58402 31
1745059213573 0.5979 32
1745059219548 0.59683 33
1745059225788 0.60229 34
1745059231775 0.58968 35
1745059237804 0.60163 36
1745059243893 0.60155 37
1745059249883 0.59887 38
1745059255948 0.58509 39
1745059261911 0.59154 40
1745059267987 0.61189 41
1745059274234 0.61706 42
1745059281466 0.60332 43
1745059287429 0.60593 44
1745059293483 0.60292 45
1745059299462 0.60983 46
1745059305579 0.61097 47
1745059311604 0.61557 48
1745059317551 0.60597 49
1745059323821 0.61952 50
1745059329850 0.60191 51
1745059335996 0.61493 52
1745059342115 0.6165 53
1745059348113 0.62731 54
1745059354187 0.60248 55
1745059360117 0.61403 56
1745059366069 0.61524 57
1745059372267 0.61447 58
1745059378353 0.61736 59
1745059384292 0.61386 60
1745059390331 0.61512 61
1745059396303 0.61995 62
1745059402337 0.60905 63
1745059408256 0.60997 64
1745059414282 0.61574 65
1745059420539 0.61735 66
1745059426527 0.63113 67
1745059432520 0.62345 68
1745059438551 0.61888 69
1745059444555 0.60831 70
1745059450599 0.61785 71
1745059456531 0.62649 72
1745059462591 0.63055 73
1745059468798 0.62777 74
1745059474827 0.61565 75
1745059480777 0.61151 76
1745059486802 0.61951 77
1745059492799 0.62597 78
1745059498822 0.62705 79
1745059504859 0.63727 80
1745059510922 0.63521 81
1745059517159 0.63469 82
1745059523278 0.63227 83
1745059529266 0.63298 84
1745059535319 0.63278 85
1745059542341 0.63315 86
1745059548380 0.639 87
1745059554368 0.64034 88
1745059560415 0.63551 89
1745059568399 0.62524 90
1745059574337 0.62868 91
1745059580196 0.62031 92
1745059586086 0.62058 93
1745059591978 0.62521 94
1745059597840 0.62615 95
1745059603729 0.6263 96
1745059609640 0.62729 97
1745059615550 0.62993 98
1745059621662 0.62602 99
1745059627443 0.6322768930207725 99
