1745059015717 0.02343 0
1745059022066 0.05611 1
1745059029517 0.09529 2
1745059035625 0.1215 3
1745059041716 0.18118 4
1745059049382 0.14745 5
1745059055422 0.21444 6
1745059061513 0.21371 7
1745059067572 0.19077 8
1745059074061 0.23542 9
1745059080122 0.26112 10
1745059086266 0.222 11
1745059092237 0.25869 12
1745059098386 0.27639 13
1745059104446 0.29504 14
1745059110574 0.30095 15
1745059116551 0.28483 16
1745059122613 0.30278 17
1745059128912 0.3231 18
1745059134993 0.31828 19
1745059141009 0.30921 20
1745059147041 0.31473 21
1745059153104 0.30278 22
1745059159125 0.31095 23
1745059165093 0.31071 24
1745059171224 0.33739 25
1745059177430 0.31842 26
1745059183529 0.31708 27
1745059189466 0.30989 28
1745059195499 0.32726 29
1745059201551 0.34047 30
1745059207536 0.32762 31
1745059213573 0.34077 32
1745059219548 0.35318 33
1745059225788 0.35283 34
1745059231775 0.34088 35
1745059237804 0.3523 36
1745059243893 0.34569 37
1745059249883 0.35565 38
1745059255948 0.34171 39
1745059261911 0.33934 40
1745059267987 0.36399 41
1745059274234 0.36205 42
1745059281466 0.35054 43
1745059287429 0.34871 44
1745059293483 0.35667 45
1745059299462 0.3576 46
1745059305579 0.35507 47
1745059311604 0.36395 48
1745059317551 0.35843 49
1745059323821 0.35973 50
1745059329850 0.36583 51
1745059335996 0.37048 52
1745059342115 0.37134 53
1745059348113 0.36933 54
1745059354187 0.36097 55
1745059360117 0.36111 56
1745059366069 0.36405 57
1745059372267 0.35782 58
1745059378353 0.36524 59
1745059384292 0.36103 60
1745059390331 0.36216 61
1745059396303 0.36452 62
1745059402337 0.36648 63
1745059408256 0.36335 64
1745059414282 0.3631 65
1745059420539 0.36595 66
1745059426527 0.36733 67
1745059432520 0.36743 68
1745059438551 0.36479 69
1745059444555 0.36144 70
1745059450599 0.36611 71
1745059456531 0.37735 72
1745059462591 0.37955 73
1745059468798 0.38081 74
1745059474827 0.36918 75
1745059480777 0.37219 76
1745059486802 0.3743 77
1745059492799 0.37064 78
1745059498822 0.37645 79
1745059504859 0.38122 80
1745059510922 0.37709 81
1745059517159 0.38152 82
1745059523278 0.37997 83
1745059529266 0.38239 84
1745059535319 0.37824 85
1745059542341 0.38036 86
1745059548380 0.37929 87
1745059554368 0.38 88
1745059560415 0.3818 89
1745059568399 0.36923 90
1745059574337 0.3666 91
1745059580196 0.36795 92
1745059586086 0.37077 93
1745059591978 0.37434 94
1745059597840 0.37912 95
1745059603729 0.37849 96
1745059609640 0.37585 97
1745059615550 0.37757 98
1745059621662 0.37719 99
1745059627443 0.3822786248771591 99
