1745059015717 0.01349 0
1745059022066 0.01545 1
1745059029517 0.76277 2
1745059035625 0.67062 3
1745059041716 0.5777 4
1745059049382 0.57174 5
1745059055422 0.48576 6
1745059061513 0.52005 7
1745059067572 0.42924 8
1745059074061 0.56574 9
1745059080122 0.57784 10
1745059086266 0.57565 11
1745059092237 0.71841 12
1745059098386 0.68657 13
1745059104446 0.6736 14
1745059110574 0.66666 15
1745059116551 0.65957 16
1745059122613 0.63593 17
1745059128912 0.68073 18
1745059134993 0.68168 19
1745059141009 0.7557 20
1745059147041 0.64183 21
1745059153104 0.6777 22
1745059159125 0.66109 23
1745059165093 0.63661 24
1745059171224 0.67893 25
1745059177430 0.70372 26
1745059183529 0.72142 27
1745059189466 0.68675 28
1745059195499 0.66014 29
1745059201551 0.77228 30
1745059207536 0.78273 31
1745059213573 0.73071 32
1745059219548 0.70491 33
1745059225788 0.75217 34
1745059231775 0.75182 35
1745059237804 0.74851 36
1745059243893 0.77762 37
1745059249883 0.80312 38
1745059255948 0.74365 39
1745059261911 0.74004 40
1745059267987 0.75883 41
1745059274234 0.73801 42
1745059281466 0.72331 43
1745059287429 0.75963 44
1745059293483 0.7542 45
1745059299462 0.77246 46
1745059305579 0.83813 47
1745059311604 0.77181 48
1745059317551 0.75075 49
1745059323821 0.80832 50
1745059329850 0.80635 51
1745059335996 0.76811 52
1745059342115 0.78678 53
1745059348113 0.75621 54
1745059354187 0.7607 55
1745059360117 0.73317 56
1745059366069 0.78031 57
1745059372267 0.78785 58
1745059378353 0.78863 59
1745059384292 0.7409 60
1745059390331 0.7615 61
1745059396303 0.74434 62
1745059402337 0.70137 63
1745059408256 0.73461 64
1745059414282 0.7258 65
1745059420539 0.74893 66
1745059426527 0.79896 67
1745059432520 0.78213 68
1745059438551 0.78184 69
1745059444555 0.76355 70
1745059450599 0.78371 71
1745059456531 0.77884 72
1745059462591 0.82094 73
1745059468798 0.82087 74
1745059474827 0.82537 75
1745059480777 0.80761 76
1745059486802 0.81044 77
1745059492799 0.82583 78
1745059498822 0.81559 79
1745059504859 0.76685 80
1745059510922 0.77731 81
1745059517159 0.80663 82
1745059523278 0.80932 83
1745059529266 0.79436 84
1745059535319 0.79003 85
1745059542341 0.73164 86
1745059548380 0.78245 87
1745059554368 0.78866 88
1745059560415 0.76572 89
1745059568399 0.73155 90
1745059574337 0.79817 91
1745059580196 0.78409 92
1745059586086 0.75808 93
1745059591978 0.75832 94
1745059597840 0.81001 95
1745059603729 0.80223 96
1745059609640 0.75157 97
1745059615550 0.74248 98
1745059621662 0.74193 99
1745059627443 0.794002037184203 99
