1745059015717 0.11776 0
1745059022066 0.24286 1
1745059029517 0.12606 2
1745059035625 0.16516 3
1745059041716 0.31668 4
1745059049382 0.27901 5
1745059055422 0.37272 6
1745059061513 0.38337 7
1745059067572 0.39177 8
1745059074061 0.44812 9
1745059080122 0.44893 10
1745059086266 0.37475 11
1745059092237 0.43932 12
1745059098386 0.44524 13
1745059104446 0.4866 14
1745059110574 0.48705 15
1745059116551 0.46593 16
1745059122613 0.53328 17
1745059128912 0.52438 18
1745059134993 0.51574 19
1745059141009 0.47782 20
1745059147041 0.5479 21
1745059153104 0.53936 22
1745059159125 0.51147 23
1745059165093 0.51376 24
1745059171224 0.5399 25
1745059177430 0.51398 26
1745059183529 0.49508 27
1745059189466 0.48981 28
1745059195499 0.52888 29
1745059201551 0.51499 30
1745059207536 0.53228 31
1745059213573 0.56459 32
1745059219548 0.5613 33
1745059225788 0.54756 34
1745059231775 0.54341 35
1745059237804 0.55879 36
1745059243893 0.55 37
1745059249883 0.5265 38
1745059255948 0.52855 39
1745059261911 0.53519 40
1745059267987 0.5625 41
1745059274234 0.56846 42
1745059281466 0.55013 43
1745059287429 0.55661 44
1745059293483 0.56632 45
1745059299462 0.55765 46
1745059305579 0.54291 47
1745059311604 0.57903 48
1745059317551 0.55286 49
1745059323821 0.5436 50
1745059329850 0.54227 51
1745059335996 0.58396 52
1745059342115 0.57838 53
1745059348113 0.5807 54
1745059354187 0.55559 55
1745059360117 0.58096 56
1745059366069 0.56259 57
1745059372267 0.54868 58
1745059378353 0.57745 59
1745059384292 0.58162 60
1745059390331 0.55013 61
1745059396303 0.58503 62
1745059402337 0.58397 63
1745059408256 0.57516 64
1745059414282 0.5879 65
1745059420539 0.5813 66
1745059426527 0.57121 67
1745059432520 0.57374 68
1745059438551 0.57131 69
1745059444555 0.55986 70
1745059450599 0.56389 71
1745059456531 0.579 72
1745059462591 0.56963 73
1745059468798 0.56502 74
1745059474827 0.55255 75
1745059480777 0.56194 76
1745059486802 0.56305 77
1745059492799 0.56253 78
1745059498822 0.55928 79
1745059504859 0.59186 80
1745059510922 0.59371 81
1745059517159 0.57424 82
1745059523278 0.58402 83
1745059529266 0.57918 84
1745059535319 0.57061 85
1745059542341 0.60501 86
1745059548380 0.59795 87
1745059554368 0.59632 88
1745059560415 0.59705 89
1745059568399 0.60558 90
1745059574337 0.5816 91
1745059580196 0.59018 92
1745059586086 0.59308 93
1745059591978 0.59854 94
1745059597840 0.57667 95
1745059603729 0.58379 96
1745059609640 0.60482 97
1745059615550 0.60743 98
1745059621662 0.60588 99
1745059627443 0.5787943273729513 99
