1745059014197 1.55622 0
1745059020831 1.53951 1
1745059027298 1.56081 2
1745059034404 1.54971 3
1745059040522 1.50646 4
1745059048078 1.44986 5
1745059054226 1.46639 6
1745059060326 1.48126 7
1745059066383 1.46716 8
1745059072559 1.41457 9
1745059078969 1.40153 10
1745059085133 1.35552 11
1745059091128 1.36211 12
1745059097204 1.33032 13
1745059103285 1.26833 14
1745059109438 1.32652 15
1745059115438 1.32173 16
1745059121467 1.25476 17
1745059127483 1.27883 18
1745059133863 1.22736 19
1745059139895 1.24643 20
1745059145927 1.24628 21
1745059152014 1.24071 22
1745059158025 1.19781 23
1745059163955 1.18951 24
1745059170060 1.20429 25
1745059176103 1.17454 26
1745059182424 1.20788 27
1745059188376 1.17951 28
1745059194372 1.1762 29
1745059200390 1.18277 30
1745059206440 1.16318 31
1745059212419 1.17468 32
1745059218432 1.1219 33
1745059224379 1.13459 34
1745059230709 1.12211 35
1745059236637 1.1076 36
1745059242773 1.11667 37
1745059248732 1.12041 38
1745059254820 1.10673 39
1745059260838 1.12638 40
1745059266846 1.10557 41
1745059272898 1.06987 42
1745059280321 1.0757 43
1745059286368 1.0684 44
1745059292390 1.07284 45
1745059298356 1.06646 46
1745059304423 1.06189 47
1745059310502 1.04081 48
1745059316470 1.03088 49
1745059322491 1.04261 50
1745059328745 1.01296 51
1745059334788 1.00794 52
1745059340985 1.01943 53
1745059347046 1.02852 54
1745059353046 1.0175 55
1745059359028 1.00541 56
1745059365016 1.01688 57
1745059370927 0.97729 58
1745059377251 0.98173 59
1745059383193 0.99753 60
1745059389230 0.98724 61
1745059395180 0.97911 62
1745059401259 0.97564 63
1745059407170 0.97199 64
1745059413200 0.94567 65
1745059419169 0.91531 66
1745059425451 0.92112 67
1745059431423 0.95113 68
1745059437383 0.93225 69
1745059443477 0.93249 70
1745059449498 0.93457 71
1745059455427 0.88239 72
1745059461491 0.93871 73
1745059467439 0.91946 74
1745059473731 0.90608 75
1745059479691 0.90558 76
1745059485674 0.90598 77
1745059491706 0.89274 78
1745059497734 0.91022 79
1745059503753 0.89639 80
1745059509829 0.87533 81
1745059515800 0.87898 82
1745059522181 0.88978 83
1745059528139 0.8882 84
1745059534242 0.87197 85
1745059541278 0.86039 86
1745059547316 0.8893 87
1745059553267 0.84792 88
1745059559303 0.87028 89
1745059566948 0.9065 90
1745059573245 0.90002 91
1745059579083 0.84731 92
1745059585015 0.83595 93
1745059590875 0.84378 94
1745059596791 0.81673 95
1745059602653 0.82697 96
1745059608568 0.83995 97
1745059614449 0.79743 98
1745059620621 0.82285 99
