1745059014197 4.03519 0
1745059020831 3.37174 1
1745059027298 2.64634 2
1745059034404 2.21115 3
1745059040522 2.00692 4
1745059048078 1.8349 5
1745059054226 1.77583 6
1745059060326 1.72178 7
1745059066383 1.63338 8
1745059072559 1.5862 9
1745059078969 1.49442 10
1745059085133 1.46366 11
1745059091128 1.43771 12
1745059097204 1.39239 13
1745059103285 1.34515 14
1745059109438 1.3429 15
1745059115438 1.32191 16
1745059121467 1.27547 17
1745059127483 1.28924 18
1745059133863 1.24526 19
1745059139895 1.18684 20
1745059145927 1.20818 21
1745059152014 1.18848 22
1745059158025 1.17701 23
1745059163955 1.15131 24
1745059170060 1.13461 25
1745059176103 1.09924 26
1745059182424 1.09764 27
1745059188376 1.10848 28
1745059194372 1.10472 29
1745059200390 1.09049 30
1745059206440 1.0489 31
1745059212419 1.06523 32
1745059218432 1.01112 33
1745059224379 0.98876 34
1745059230709 1.00967 35
1745059236637 0.97529 36
1745059242773 0.98133 37
1745059248732 0.96427 38
1745059254820 0.95399 39
1745059260838 0.96195 40
1745059266846 0.96816 41
1745059272898 0.9333 42
1745059280321 0.93006 43
1745059286368 0.903 44
1745059292390 0.9137 45
1745059298356 0.89358 46
1745059304423 0.88896 47
1745059310502 0.85254 48
1745059316470 0.86057 49
1745059322491 0.85253 50
1745059328745 0.83347 51
1745059334788 0.83079 52
1745059340985 0.84707 53
1745059347046 0.8248 54
1745059353046 0.82824 55
1745059359028 0.82665 56
1745059365016 0.82423 57
1745059370927 0.81752 58
1745059377251 0.8008 59
1745059383193 0.8483 60
1745059389230 0.77996 61
1745059395180 0.79035 62
1745059401259 0.76856 63
1745059407170 0.76348 64
1745059413200 0.75527 65
1745059419169 0.73049 66
1745059425451 0.73596 67
1745059431423 0.73908 68
1745059437383 0.75576 69
1745059443477 0.73694 70
1745059449498 0.72939 71
1745059455427 0.70744 72
1745059461491 0.73873 73
1745059467439 0.73859 74
1745059473731 0.72079 75
1745059479691 0.7084 76
1745059485674 0.71566 77
1745059491706 0.70115 78
1745059497734 0.71322 79
1745059503753 0.69803 80
1745059509829 0.67823 81
1745059515800 0.68586 82
1745059522181 0.68124 83
1745059528139 0.68587 84
1745059534242 0.67824 85
1745059541278 0.67086 86
1745059547316 0.67955 87
1745059553267 0.66984 88
1745059559303 0.66136 89
1745059566948 0.73361 90
1745059573245 0.70519 91
1745059579083 0.66331 92
1745059585015 0.65432 93
1745059590875 0.65148 94
1745059596791 0.63239 95
1745059602653 0.63971 96
1745059608568 0.64844 97
1745059614449 0.62304 98
1745059620621 0.6402 99
