1745059014197 1.47252 0
1745059020831 1.4274 1
1745059027298 1.42184 2
1745059034404 1.42326 3
1745059040522 1.38467 4
1745059048078 1.36475 5
1745059054226 1.39234 6
1745059060326 1.37454 7
1745059066383 1.34373 8
1745059072559 1.33865 9
1745059078969 1.30752 10
1745059085133 1.28192 11
1745059091128 1.29338 12
1745059097204 1.26936 13
1745059103285 1.24991 14
1745059109438 1.263 15
1745059115438 1.27323 16
1745059121467 1.22929 17
1745059127483 1.22517 18
1745059133863 1.2209 19
1745059139895 1.22701 20
1745059145927 1.2184 21
1745059152014 1.20321 22
1745059158025 1.21026 23
1745059163955 1.20171 24
1745059170060 1.20634 25
1745059176103 1.19175 26
1745059182424 1.19343 27
1745059188376 1.18653 28
1745059194372 1.18106 29
1745059200390 1.19736 30
1745059206440 1.16553 31
1745059212419 1.18099 32
1745059218432 1.16324 33
1745059224379 1.152 34
1745059230709 1.1641 35
1745059236637 1.15084 36
1745059242773 1.133 37
1745059248732 1.15695 38
1745059254820 1.14664 39
1745059260838 1.12708 40
1745059266846 1.13979 41
1745059272898 1.13727 42
1745059280321 1.11823 43
1745059286368 1.09942 44
1745059292390 1.13093 45
1745059298356 1.10777 46
1745059304423 1.11759 47
1745059310502 1.09417 48
1745059316470 1.10987 49
1745059322491 1.10253 50
1745059328745 1.08568 51
1745059334788 1.09553 52
1745059340985 1.08247 53
1745059347046 1.08152 54
1745059353046 1.09996 55
1745059359028 1.10429 56
1745059365016 1.0916 57
1745059370927 1.08752 58
1745059377251 1.07767 59
1745059383193 1.08113 60
1745059389230 1.07024 61
1745059395180 1.08139 62
1745059401259 1.057 63
1745059407170 1.06766 64
1745059413200 1.06361 65
1745059419169 1.05202 66
1745059425451 1.04066 67
1745059431423 1.05692 68
1745059437383 1.05623 69
1745059443477 1.05192 70
1745059449498 1.03469 71
1745059455427 1.04293 72
1745059461491 1.04274 73
1745059467439 1.03951 74
1745059473731 1.04254 75
1745059479691 1.03253 76
1745059485674 1.04746 77
1745059491706 1.03107 78
1745059497734 1.03908 79
1745059503753 1.02903 80
1745059509829 1.01926 81
1745059515800 1.01591 82
1745059522181 1.02585 83
1745059528139 1.02533 84
1745059534242 1.02991 85
1745059541278 1.0224 86
1745059547316 1.01378 87
1745059553267 0.99634 88
1745059559303 0.99975 89
1745059566948 1.0256 90
1745059573245 1.0217 91
1745059579083 1.01184 92
1745059585015 0.99387 93
1745059590875 0.99216 94
1745059596791 0.97858 95
1745059602653 0.98446 96
1745059608568 0.99974 97
1745059614449 0.97173 98
1745059620621 0.98699 99
