1744935566152 1.55272 0
1744935575163 1.57071 1
1744935584270 1.62251 2
1744935594505 1.61014 3
1744935604693 1.6103 4
1744935613262 1.5494 5
1744935622006 1.49179 6
1744935631293 1.50078 7
1744935639801 1.45976 8
1744935648373 1.4819 9
1744935656967 1.43777 10
1744935665549 1.41307 11
1744935674043 1.36875 12
1744935682953 1.38366 13
1744935691531 1.3321 14
1744935700156 1.32271 15
1744935709817 1.34663 16
1744935718329 1.30123 17
1744935727221 1.28725 18
1744935735763 1.24394 19
1744935744485 1.31315 20
1744935753031 1.22434 21
1744935761595 1.23563 22
1744935770165 1.2276 23
1744935778987 1.21484 24
1744935787606 1.21382 25
1744935796203 1.22236 26
1744935804846 1.24261 27
1744935813257 1.19752 28
1744935821900 1.14237 29
1744935830641 1.2106 30
1744935839209 1.20887 31
1744935847601 1.16673 32
1744935856171 1.16952 33
1744935864724 1.16331 34
1744935873264 1.14581 35
1744935882151 1.10967 36
1744935890752 1.165 37
1744935899204 1.14238 38
1744935907753 1.11626 39
1744935916319 1.10081 40
1744935925114 1.09941 41
1744935933538 1.07286 42
1744935942235 1.07251 43
1744935950653 1.04537 44
1744935959174 1.09726 45
1744935967852 1.09186 46
1744935976777 1.07729 47
1744935985292 1.05617 48
1744935993734 1.032 49
1744936002319 1.00938 50
1744936010819 1.03012 51
1744936019396 1.06103 52
1744936028356 1.03733 53
1744936036913 0.99931 54
1744936045387 0.99492 55
1744936053803 0.97596 56
1744936062319 0.98704 57
1744936070786 0.98546 58
1744936079528 0.98598 59
1744936087953 1.00033 60
1744936096605 0.97973 61
1744936105113 0.98835 62
1744936113736 0.96487 63
1744936122647 0.95141 64
1744936131169 0.95573 65
1744936139590 0.95108 66
1744936148219 0.95963 67
1744936156758 0.93103 68
1744936165278 0.91828 69
1744936173949 0.91665 70
1744936182484 0.91809 71
1744936190931 0.90331 72
1744936199558 0.91595 73
1744936207966 0.90043 74
1744936216539 0.89805 75
1744936225223 0.882 76
1744936233725 0.9072 77
1744936242378 0.86963 78
1744936250875 0.8784 79
1744936259393 0.86971 80
1744936268212 0.85486 81
1744936276803 0.88331 82
1744936285337 0.85667 83
1744936293775 0.85526 84
1744936302328 0.85941 85
1744936310789 0.8658 86
1744936319564 0.85375 87
1744936328067 0.83193 88
1744936336780 0.85593 89
1744936347007 0.86608 90
1744936355415 0.8596 91
1744936363733 0.80942 92
1744936372637 0.78988 93
1744936381126 0.79646 94
1744936389538 0.79304 95
1744936397892 0.77399 96
1744936406424 0.77428 97
1744936414994 0.76221 98
1744936423410 0.77864 99
