1744935566152 4.08329 0
1744935575163 3.35049 1
1744935584270 2.53337 2
1744935594505 2.25548 3
1744935604693 2.09279 4
1744935613262 1.90349 5
1744935622006 1.78782 6
1744935631293 1.68678 7
1744935639801 1.61398 8
1744935648373 1.5926 9
1744935656967 1.52923 10
1744935665549 1.52077 11
1744935674043 1.4552 12
1744935682953 1.41196 13
1744935691531 1.40138 14
1744935700156 1.33149 15
1744935709817 1.34692 16
1744935718329 1.30607 17
1744935727221 1.28978 18
1744935735763 1.19712 19
1744935744485 1.2497 20
1744935753031 1.17913 21
1744935761595 1.17253 22
1744935770165 1.15727 23
1744935778987 1.12637 24
1744935787606 1.12743 25
1744935796203 1.11568 26
1744935804846 1.11221 27
1744935813257 1.09385 28
1744935821900 1.04139 29
1744935830641 1.05696 30
1744935839209 1.04689 31
1744935847601 1.01967 32
1744935856171 1.02939 33
1744935864724 0.99742 34
1744935873264 1.01261 35
1744935882151 0.96046 36
1744935890752 0.99061 37
1744935899204 0.96682 38
1744935907753 0.94185 39
1744935916319 0.94007 40
1744935925114 0.93485 41
1744935933538 0.90313 42
1744935942235 0.91868 43
1744935950653 0.85833 44
1744935959174 0.90873 45
1744935967852 0.88577 46
1744935976777 0.87292 47
1744935985292 0.85227 48
1744935993734 0.84222 49
1744936002319 0.83213 50
1744936010819 0.81928 51
1744936019396 0.85891 52
1744936028356 0.8461 53
1744936036913 0.79757 54
1744936045387 0.79924 55
1744936053803 0.7844 56
1744936062319 0.7891 57
1744936070786 0.77639 58
1744936079528 0.79043 59
1744936087953 0.78939 60
1744936096605 0.76881 61
1744936105113 0.77165 62
1744936113736 0.75609 63
1744936122647 0.74166 64
1744936131169 0.74659 65
1744936139590 0.75593 66
1744936148219 0.74859 67
1744936156758 0.72432 68
1744936165278 0.72848 69
1744936173949 0.70575 70
1744936182484 0.69565 71
1744936190931 0.69003 72
1744936199558 0.69252 73
1744936207966 0.69584 74
1744936216539 0.69303 75
1744936225223 0.68512 76
1744936233725 0.69282 77
1744936242378 0.66899 78
1744936250875 0.68415 79
1744936259393 0.65341 80
1744936268212 0.63962 81
1744936276803 0.67767 82
1744936285337 0.65555 83
1744936293775 0.6496 84
1744936302328 0.65739 85
1744936310789 0.64897 86
1744936319564 0.6469 87
1744936328067 0.62462 88
1744936336780 0.64852 89
1744936347007 0.67551 90
1744936355415 0.64856 91
1744936363733 0.60809 92
1744936372637 0.59428 93
1744936381126 0.60194 94
1744936389538 0.60832 95
1744936397892 0.58482 96
1744936406424 0.59145 97
1744936414994 0.58073 98
1744936423410 0.58542 99
