1744935566152 1.47043 0
1744935575163 1.43186 1
1744935584270 1.46648 2
1744935594505 1.46342 3
1744935604693 1.45611 4
1744935613262 1.4254 5
1744935622006 1.41028 6
1744935631293 1.41628 7
1744935639801 1.3833 8
1744935648373 1.37204 9
1744935656967 1.35533 10
1744935665549 1.33493 11
1744935674043 1.32921 12
1744935682953 1.31953 13
1744935691531 1.30792 14
1744935700156 1.28744 15
1744935709817 1.30732 16
1744935718329 1.28866 17
1744935727221 1.28558 18
1744935735763 1.24477 19
1744935744485 1.27067 20
1744935753031 1.23004 21
1744935761595 1.22775 22
1744935770165 1.23033 23
1744935778987 1.22111 24
1744935787606 1.21916 25
1744935796203 1.21439 26
1744935804846 1.23226 27
1744935813257 1.20685 28
1744935821900 1.19193 29
1744935830641 1.19911 30
1744935839209 1.19493 31
1744935847601 1.19716 32
1744935856171 1.18863 33
1744935864724 1.19115 34
1744935873264 1.17725 35
1744935882151 1.16392 36
1744935890752 1.15956 37
1744935899204 1.16284 38
1744935907753 1.16009 39
1744935916319 1.16452 40
1744935925114 1.1578 41
1744935933538 1.14415 42
1744935942235 1.13171 43
1744935950653 1.115 44
1744935959174 1.15227 45
1744935967852 1.13429 46
1744935976777 1.13299 47
1744935985292 1.10806 48
1744935993734 1.11749 49
1744936002319 1.10988 50
1744936010819 1.10587 51
1744936019396 1.1251 52
1744936028356 1.10451 53
1744936036913 1.10266 54
1744936045387 1.11862 55
1744936053803 1.0959 56
1744936062319 1.09654 57
1744936070786 1.08224 58
1744936079528 1.08709 59
1744936087953 1.1013 60
1744936096605 1.08487 61
1744936105113 1.09384 62
1744936113736 1.08001 63
1744936122647 1.06848 64
1744936131169 1.07507 65
1744936139590 1.06513 66
1744936148219 1.06634 67
1744936156758 1.05534 68
1744936165278 1.06549 69
1744936173949 1.06514 70
1744936182484 1.04168 71
1744936190931 1.04129 72
1744936199558 1.04481 73
1744936207966 1.03979 74
1744936216539 1.0564 75
1744936225223 1.03572 76
1744936233725 1.04301 77
1744936242378 1.03206 78
1744936250875 1.031 79
1744936259393 1.01075 80
1744936268212 1.02087 81
1744936276803 1.03451 82
1744936285337 1.01975 83
1744936293775 1.01675 84
1744936302328 1.02891 85
1744936310789 1.02292 86
1744936319564 1.02866 87
1744936328067 1.00685 88
1744936336780 1.01048 89
1744936347007 1.02442 90
1744936355415 0.99583 91
1744936363733 0.98281 92
1744936372637 0.97997 93
1744936381126 0.98463 94
1744936389538 0.98087 95
1744936397892 0.96475 96
1744936406424 0.9808 97
1744936414994 0.9592 98
1744936423410 0.96631 99
