1744935566152 0.00019343 0
1744935575163 0.000389634053 1
1744935584270 0.0005818761259999999 2
1744935594505 0.0006471900999999999 3
1744935604693 0.0006405867999999999 4
1744935613262 0.0006339834999999999 5
1744935622006 0.0006273801999999999 6
1744935631293 0.0006207769 7
1744935639801 0.0006141736 8
1744935648373 0.0006075703 9
1744935656967 0.000600967 10
1744935665549 0.0005943637 11
1744935674043 0.0005877603999999999 12
1744935682953 0.0005811570999999999 13
1744935691531 0.0005745538 14
1744935700156 0.0005679505 15
1744935709817 0.0005613472 16
1744935718329 0.0005547439 17
1744935727221 0.0005481406 18
1744935735763 0.0005415373 19
1744935744485 0.000534934 20
1744935753031 0.0005283306999999999 21
1744935761595 0.0005217274 22
1744935770165 0.0005151241 23
1744935778987 0.0005085208 24
1744935787606 0.0005019174999999999 25
1744935796203 0.0004953142 26
1744935804846 0.0004887108999999999 27
1744935813257 0.00048210759999999994 28
1744935821900 0.00047550429999999996 29
1744935830641 0.0004689009999999999 30
1744935839209 0.00046229769999999994 31
1744935847601 0.0004556943999999999 32
1744935856171 0.0004490910999999999 33
1744935864724 0.0004424877999999999 34
1744935873264 0.00043588449999999994 35
1744935882151 0.0004292812 36
1744935890752 0.0004226779 37
1744935899204 0.0004160746 38
1744935907753 0.00040947129999999995 39
1744935916319 0.00040286799999999997 40
1744935925114 0.00039626470000000003 41
1744935933538 0.0003896614 42
1744935942235 0.0003830581 43
1744935950653 0.00037645479999999997 44
1744935959174 0.0003698515 45
1744935967852 0.0003632482 46
1744935976777 0.0003566449 47
1744935985292 0.0003500416 48
1744935993734 0.0003434383 49
1744936002319 0.00033683499999999996 50
1744936010819 0.00033023169999999997 51
1744936019396 0.00032362839999999993 52
1744936028356 0.0003170251 53
1744936036913 0.00031042179999999996 54
1744936045387 0.0003038184999999999 55
1744936053803 0.00029721519999999994 56
1744936062319 0.0002906119 57
1744936070786 0.0002840086 58
1744936079528 0.0002774053 59
1744936087953 0.000270802 60
1744936096605 0.00026419869999999996 61
1744936105113 0.0002575954 62
1744936113736 0.0002509921 63
1744936122647 0.0002443888 64
1744936131169 0.00023778549999999997 65
1744936139590 0.00023118219999999996 66
1744936148219 0.00022457889999999994 67
1744936156758 0.00021797559999999996 68
1744936165278 0.00021137230000000003 69
1744936173949 0.00020476900000000002 70
1744936182484 0.0001981657 71
1744936190931 0.0001915624 72
1744936199558 0.0001849591 73
1744936207966 0.0001783558 74
1744936216539 0.00017175249999999999 75
1744936225223 0.00016514919999999997 76
1744936233725 0.0001585459 77
1744936242378 0.00015194259999999998 78
1744936250875 0.00014533929999999997 79
1744936259393 0.00013873599999999995 80
1744936268212 0.00013213269999999994 81
1744936276803 0.00012552940000000004 82
1744936285337 0.00011892610000000001 83
1744936293775 0.00011232280000000003 84
1744936302328 0.00010571950000000002 85
1744936310789 9.91162e-05 86
1744936319564 9.25129e-05 87
1744936328067 8.59096e-05 88
1744936336780 7.930629999999998e-05 89
1744936347007 7.270299999999997e-05 90
1744936355415 6.609969999999997e-05 91
1744936363733 5.949639999999997e-05 92
1744936372637 5.2893099999999956e-05 93
1744936381126 4.6289800000000026e-05 94
1744936389538 3.968650000000003e-05 95
1744936397892 3.308320000000002e-05 96
1744936406424 2.6479900000000017e-05 97
1744936414994 1.9876600000000012e-05 98
1744936423410 1.3273300000000004e-05 99
